1 8
9409 0 0 1 628 9409 0 0
9409 0 0 1 628 9409 0 0
9409 0 0 1 628 9409 0 0
9409 0 0 1 125 9409 0 0
9409 0 0 1 125 9409 0 0
9409 0 0 1 125 9409 0 0
1790 591 3401 1 125 1790 591 3401
0 654 3209 1 628 0 654 3209
-1
2 0
-1
3 0
-1
4 7
15255 0 0 1 180 15255 0 0
15255 0 0 1 336 15255 0 0
15255 0 0 1 336 15255 0 0
13689 0 3132 1 336 13689 0 3132
13438 106 1505 1 748 13438 106 1505
9952 388 2844 1 180 9952 388 2844
1452 1364 313 1 815 1452 1364 313
-1
5 4
10205 0 0 1 616 10205 0 0
10205 0 0 1 893 10205 0 0
559 899 1296 1 893 559 899 1296
0 244 1161 1 616 0 244 1161
-1
6 0
-1
7 0
-1
8 5
13816 0 0 1 309 13816 0 0
13816 0 0 1 309 13816 0 0
11092 56 4309 1 309 11092 56 4309
5473 799 697 1 752 5473 799 697
0 1125 125 1 409 0 1125 125
-1
9 6
13234 0 0 1 264 13234 0 0
13234 0 0 1 264 13234 0 0
13234 0 0 1 1166 13234 0 0
13234 0 0 1 1166 13234 0 0
4566 690 3525 1 1166 4566 690 3525
956 1069 3166 1 264 956 1069 3166
-1
10 3
15095 0 0 1 482 15095 0 0
7241 741 887 1 890 7241 741 887
6136 773 2445 1 482 6136 773 2445
-1
11 3
15066 0 0 1 842 15066 0 0
15066 0 0 1 842 15066 0 0
734 1254 3569 1 842 734 1254 3569
-1
12 0
-1
13 0
-1
14 12
14807 0 0 1 201 14807 0 0
14807 0 0 1 443 14807 0 0
14807 0 0 1 443 14807 0 0
14807 0 0 1 634 14807 0 0
14807 0 0 1 755 14807 0 0
14807 0 0 1 1040 14807 0 0
10178 322 2812 1 1040 10178 322 2812
10068 333 2801 1 634 10068 333 2801
7805 571 2576 1 201 7805 571 2576
7663 504 4198 1 443 7663 504 4198
4317 1019 593 1 860 4317 1019 593
2677 1109 2066 1 755 2677 1109 2066
-1
15 0
-1
16 13
11021 0 0 1 127 11021 0 0
11021 0 0 1 337 11021 0 0
11021 0 0 1 660 11021 0 0
11021 0 0 1 660 11021 0 0
11021 0 0 1 660 11021 0 0
11021 0 0 1 1148 11021 0 0
11021 0 0 1 1148 11021 0 0
10605 0 832 1 660 10605 0 832
6984 241 3252 1 1148 6984 241 3252
5703 497 689 1 531 5703 497 689
4458 567 1783 1 337 4458 567 1783
3694 647 1707 1 127 3694 647 1707
504 1043 172 1 373 504 1043 172
-1
17 0
-1
18 10
10820 0 0 1 440 10820 0 0
10820 0 0 1 451 10820 0 0
10820 0 0 1 451 10820 0 0
10820 0 0 1 451 10820 0 0
10820 0 0 1 451 10820 0 0
10820 0 0 1 980 10820 0 0
10820 0 0 1 980 10820 0 0
10820 0 0 1 980 10820 0 0
7646 273 880 1 1034 7646 273 880
6776 304 1989 1 440 6776 304 1989
-1
19 7
18920 0 0 1 94 18920 0 0
18920 0 0 1 408 18920 0 0
18920 0 0 1 1120 18920 0 0
16816 11 3972 1 94 16816 11 3972
16564 38 3947 1 408 16564 38 3947
5865 1161 2883 1 1120 5865 1161 2883
3046 1561 512 1 1138 3046 1561 512
-1
20 2
16304 3 1812 1 97 16304 3 1812
15861 50 1768 1 379 15861 50 1768
-1
21 9
10531 0 0 1 1068 10531 0 0
10531 0 0 1 1104 10531 0 0
10531 0 0 1 1104 10531 0 0
10531 0 0 1 1105 10531 0 0
10531 0 0 1 1105 10531 0 0
8342 171 946 1 44 8342 171 946
8124 136 2088 1 1068 8124 136 2088
7565 136 3196 1 1105 7565 136 3196
0 412 2386 1 1104 0 412 2386
-1
22 9
9108 0 0 1 204 9108 0 0
9108 0 0 1 950 9108 0 0
9108 0 0 1 950 9108 0 0
9108 0 0 1 950 9108 0 0
7200 0 3816 1 950 7200 0 3816
4659 416 564 1 116 4659 416 564
3935 492 492 1 1197 3935 492 492
3010 589 400 1 403 3010 589 400
0 342 1050 1 204 0 342 1050
-1
23 10
12475 0 0 1 608 12475 0 0
12475 0 0 1 608 12475 0 0
12475 0 0 1 510 12475 0 0
12475 0 0 1 59 12475 0 0
12475 0 0 1 59 12475 0 0
12078 0 794 1 505 12078 0 794
8005 400 934 1 676 8005 400 934
8469 213 3737 1 59 8469 213 3737
6678 539 802 1 1001 6678 539 802
4345 784 570 1 1118 4345 784 570
-1
24 0
-1
25 0
-1
26 7
13183 0 0 1 195 13183 0 0
13183 0 0 1 1045 13183 0 0
13061 0 244 1 1045 13061 0 244
12377 0 1612 1 195 12377 0 1612
6720 605 814 1 994 6720 605 814
83 1302 154 1 438 83 1302 154
0 1125 125 1 319 0 1125 125
-1
27 0
-1
28 9
12306 0 0 1 823 12306 0 0
12306 0 0 1 296 12306 0 0
12306 0 0 1 296 12306 0 0
12306 0 0 1 296 12306 0 0
12306 0 0 1 255 12306 0 0
7544 363 2246 1 255 7544 363 2246
5959 394 4808 1 296 5959 394 4808
2956 913 430 1 428 2956 913 430
585 1094 1554 1 823 585 1094 1554
-1
29 0
-1
30 3
11966 0 0 1 359 11966 0 0
11966 0 0 1 359 11966 0 0
8782 135 3650 1 359 8782 135 3650
-1
31 7
14923 0 0 1 955 14923 0 0
14923 0 0 1 854 14923 0 0
14923 0 0 1 854 14923 0 0
14923 0 0 1 1 14923 0 0
12782 59 3085 1 955 12782 59 3085
12279 112 3035 1 1 12279 112 3035
3018 1002 3763 1 854 3018 1002 3763
-1
32 0
-1
33 6
15290 0 0 1 497 15290 0 0
15290 0 0 1 497 15290 0 0
15290 0 0 1 932 15290 0 0
13439 25 3195 1 932 13439 25 3195
11322 163 4674 1 497 11322 163 4674
965 1419 265 1 15 965 1419 265
-1
34 0
-1
35 3
13853 0 0 1 562 13853 0 0
13853 0 0 1 562 13853 0 0
0 590 3144 1 562 0 590 3144
-1
36 3
13571 0 0 1 528 13571 0 0
13571 0 0 1 528 13571 0 0
3760 804 3523 1 528 3760 804 3523
-1
37 2
16813 0 0 1 778 16813 0 0
2347 1332 2277 1 778 2347 1332 2277
-1
38 0
-1
39 0
-1
40 1
6044 714 751 1 633 6044 714 751
-1
