1 45
536461 164161 77847 1 2 536461 164161 77847
0 112185 12465 1 3 0 112185 12465
39787 216298 28454 1 56 39787 216298 28454
243392 194925 48702 1 62 243392 194925 48702
456328 172573 69878 1 81 456328 172573 69878
0 83394 9266 1 88 0 83394 9266
138452 205941 38266 1 101 138452 205941 38266
334646 185346 57777 1 111 334646 185346 57777
0 15804 1756 1 113 0 15804 1756
430164 175319 67276 1 118 430164 175319 67276
166296 203018 41035 1 175 166296 203018 41035
597961 157705 83963 1 185 597961 157705 83963
0 14868 1652 1 194 0 14868 1652
0 163053 18117 1 199 0 163053 18117
0 112545 12505 1 206 0 112545 12505
45740 215673 29046 1 209 45740 215673 29046
572631 160364 81444 1 214 572631 160364 81444
314746 187435 55798 1 227 314746 187435 55798
0 198540 22060 1 244 0 198540 22060
337230 185075 58034 1 247 337230 185075 58034
199982 199482 44385 1 251 199982 199482 44385
564928 161173 80678 1 295 564928 161173 80678
0 203049 22561 1 299 0 203049 22561
759151 140785 99993 1 309 759151 140785 99993
286490 190401 52988 1 345 286490 190401 52988
21566 218211 26642 1 356 21566 218211 26642
54508 214753 29918 1 361 54508 214753 29918
248339 194406 49194 1 365 248339 194406 49194
233417 195972 47710 1 382 233417 195972 47710
537959 164004 77996 1 412 537959 164004 77996
719935 144901 96093 1 458 719935 144901 96093
721523 144735 96251 1 463 721523 144735 96251
519346 165958 76145 1 465 519346 165958 76145
0 14904 1656 1 513 0 14904 1656
336466 185155 57958 1 533 336466 185155 57958
141237 205649 38543 1 545 141237 205649 38543
537798 164021 77980 1 558 537798 164021 77980
0 128034 14226 1 564 0 128034 14226
689879 148056 93104 1 568 689879 148056 93104
447771 173471 69027 1 595 447771 173471 69027
115013 208401 35935 1 603 115013 208401 35935
0 179721 19969 1 633 0 179721 19969
0 128043 14227 1 638 0 128043 14227
554541 162263 79645 1 640 554541 162263 79645
204115 199048 44796 1 663 204115 199048 44796
-1
2 2
565514 237159 89186 1 480 565514 237159 89186
669690 226223 99546 1 51 669690 226223 99546
-1
3 0
-1
4 126
0 277119 30791 1 649 0 277119 30791
0 292518 32502 1 8 0 292518 32502
42649 477037 57743 1 9 42649 477037 57743
342324 445580 87545 1 16 342324 445580 87545
194528 461094 72847 1 23 194528 461094 72847
247963 455485 78161 1 24 247963 455485 78161
186986 461886 72097 1 25 186986 461886 72097
253262 454929 78688 1 28 253262 454929 78688
0 125892 13988 1 35 0 125892 13988
10662 480395 54562 1 39 10662 480395 54562
0 428706 47634 1 55 0 428706 47634
0 146727 16303 1 647 0 146727 16303
290840 450984 82425 1 333 290840 450984 82425
0 195957 21773 1 523 0 195957 21773
254097 454841 78771 1 327 254097 454841 78771
122701 468634 65704 1 225 122701 468634 65704
458597 433374 99108 1 63 458597 433374 99108
28400 478533 56326 1 72 28400 478533 56326
0 478980 53220 1 77 0 478980 53220
413759 438081 94649 1 78 413759 438081 94649
117331 469198 65170 1 79 117331 469198 65170
363883 443317 89689 1 80 363883 443317 89689
0 107703 11967 1 100 0 107703 11967
0 335133 37237 1 102 0 335133 37237
0 413568 45952 1 115 0 413568 45952
8118 480662 54309 1 124 8118 480662 54309
189148 461659 72312 1 132 189148 461659 72312
201044 460410 73495 1 139 201044 460410 73495
0 333594 37066 1 142 0 333594 37066
0 297405 33045 1 156 0 297405 33045
450884 434184 98341 1 157 450884 434184 98341
311263 448840 84456 1 161 311263 448840 84456
244232 455877 77790 1 170 244232 455877 77790
0 122535 13615 1 172 0 122535 13615
0 453969 50441 1 178 0 453969 50441
0 478710 53190 1 183 0 478710 53190
29647 478402 56450 1 186 29647 478402 56450
119302 468991 65366 1 187 119302 468991 65366
411235 438346 94398 1 201 411235 438346 94398
194880 461057 72882 1 212 194880 461057 72882
0 422082 46898 1 215 0 422082 46898
0 77580 8620 1 218 0 77580 8620
0 225981 25109 1 221 0 225981 25109
212034 459257 74588 1 224 212034 459257 74588
342435 445568 87556 1 228 342435 445568 87556
36897 477641 57171 1 229 36897 477641 57171
0 293931 32659 1 230 0 293931 32659
0 60930 6770 1 240 0 60930 6770
338574 445973 87172 1 242 338574 445973 87172
436766 435666 96937 1 243 436766 435666 96937
0 421650 46850 1 264 0 421650 46850
0 107676 11964 1 267 0 107676 11964
0 458595 50955 1 269 0 458595 50955
0 371970 41330 1 273 0 371970 41330
128412 468035 66272 1 288 128412 468035 66272
43111 476989 57789 1 289 43111 476989 57789
0 347031 38559 1 296 0 347031 38559
0 469215 52135 1 306 0 469215 52135
0 340173 37797 1 308 0 340173 37797
0 120888 13432 1 320 0 120888 13432
0 469962 52218 1 338 0 469962 52218
105797 470409 64023 1 339 105797 470409 64023
0 156483 17387 1 347 0 156483 17387
0 186669 20741 1 353 0 186669 20741
0 409932 45548 1 371 0 409932 45548
63202 474880 59787 1 374 63202 474880 59787
110785 469885 64519 1 379 110785 469885 64519
160500 464666 69463 1 394 160500 464666 69463
330408 446831 86360 1 413 330408 446831 86360
0 50922 5658 1 417 0 50922 5658
101655 470843 63611 1 421 101655 470843 63611
295365 450509 82875 1 430 295365 450509 82875
0 260631 28959 1 437 0 260631 28959
0 345474 38386 1 438 0 345474 38386
0 383211 42579 1 440 0 383211 42579
0 478071 53119 1 441 0 478071 53119
0 201177 22353 1 445 0 201177 22353
0 65187 7243 1 447 0 65187 7243
0 40194 4466 1 449 0 40194 4466
0 141273 15697 1 457 0 141273 15697
349635 444812 88272 1 462 349635 444812 88272
0 265995 29555 1 467 0 265995 29555
240834 456233 77452 1 468 240834 456233 77452
425162 436884 95783 1 471 425162 436884 95783
0 19773 2197 1 475 0 19773 2197
52161 476039 58689 1 476 52161 476039 58689
0 304380 33820 1 482 0 304380 33820
148524 465923 68272 1 483 148524 465923 68272
0 9063 1007 1 491 0 9063 1007
297004 450337 83038 1 498 297004 450337 83038
120469 468868 65482 1 501 120469 468868 65482
162682 464437 69680 1 504 162682 464437 69680
0 391464 43496 1 505 0 391464 43496
399943 439531 93275 1 512 399943 439531 93275
42236 477081 57702 1 521 42236 477081 57702
0 414342 46038 1 531 0 414342 46038
0 46593 5177 1 534 0 46593 5177
0 260388 28932 1 540 0 260388 28932
106934 470289 64136 1 556 106934 470289 64136
0 470169 52241 1 562 0 470169 52241
0 442341 49149 1 566 0 442341 49149
0 21636 2404 1 571 0 21636 2404
0 13464 1496 1 576 0 13464 1496
0 411345 45705 1 580 0 411345 45705
164894 464205 69900 1 583 164894 464205 69900
150866 465678 68505 1 585 150866 465678 68505
0 153117 17013 1 589 0 153117 17013
370218 442652 90319 1 600 370218 442652 90319
441784 435139 97436 1 601 441784 435139 97436
183617 462240 71762 1 605 183617 462240 71762
0 465984 51776 1 606 0 465984 51776
381591 441458 91450 1 608 381591 441458 91450
0 307881 34209 1 609 0 307881 34209
453639 433895 98615 1 617 453639 433895 98615
118045 469123 65241 1 624 118045 469123 65241
0 95904 10656 1 625 0 95904 10656
396483 439895 92931 1 626 396483 439895 92931
329312 446946 86251 1 628 329312 446946 86251
90282 472037 62480 1 634 90282 472037 62480
390380 440535 92324 1 637 390380 440535 92324
421431 437276 95412 1 643 421431 437276 95412
0 443214 49246 1 646 0 443214 49246
0 124452 13828 1 652 0 124452 13828
0 59958 6662 1 658 0 59958 6662
0 249948 27772 1 661 0 249948 27772
0 21798 2422 1 662 0 21798 2422
-1
5 50
0 279180 31020 1 74 0 279180 31020
0 246258 27362 1 407 0 246258 27362
508712 306300 90557 1 165 508712 306300 90557
203666 338322 60221 1 277 203666 338322 60221
82346 351057 48156 1 570 82346 351057 48156
0 311706 34634 1 14 0 311706 34634
0 226665 25185 1 6 0 226665 25185
417538 315871 81490 1 17 417538 315871 81490
0 35082 3898 1 50 0 35082 3898
0 313893 34877 1 64 0 313893 34877
0 23472 2608 1 69 0 23472 2608
0 214857 23873 1 71 0 214857 23873
382796 319518 78035 1 95 382796 319518 78035
222018 336395 62046 1 96 222018 336395 62046
0 202347 22483 1 103 0 202347 22483
321427 325960 71932 1 106 321427 325960 71932
125645 346512 52462 1 168 125645 346512 52462
0 40212 4468 1 169 0 40212 4468
0 186021 20669 1 181 0 186021 20669
0 28197 3133 1 190 0 28197 3133
0 67581 7509 1 204 0 67581 7509
66418 352729 46572 1 205 66418 352729 46572
0 219996 24444 1 207 0 219996 24444
157773 343139 55657 1 235 157773 343139 55657
0 303381 33709 1 246 0 303381 33709
856 359611 40052 1 276 856 359611 40052
0 315585 35065 1 286 0 315585 35065
238298 334686 63665 1 316 238298 334686 63665
0 210582 23398 1 319 0 210582 23398
0 90585 10065 1 321 0 90585 10065
0 244422 27158 1 362 0 244422 27158
0 155403 17267 1 369 0 155403 17267
251682 333281 64996 1 372 251682 333281 64996
0 65916 7324 1 381 0 65916 7324
295504 328681 69354 1 387 295504 328681 69354
0 121356 13484 1 435 0 121356 13484
297314 328491 69534 1 460 297314 328491 69534
214918 337141 61340 1 473 214918 337141 61340
299285 328284 69730 1 490 299285 328284 69730
490028 308262 88699 1 493 490028 308262 88699
338753 324141 73655 1 519 338753 324141 73655
0 24138 2682 1 536 0 24138 2682
0 84528 9392 1 542 0 84528 9392
452974 312151 85014 1 559 452974 312151 85014
546370 302347 94302 1 575 546370 302347 94302
472642 310087 86970 1 590 472642 310087 86970
196798 339043 59538 1 591 196798 339043 59538
369231 320942 76686 1 598 369231 320942 76686
0 264213 29357 1 614 0 264213 29357
0 71388 7932 1 659 0 71388 7932
-1
6 2
0 276786 30754 1 363 0 276786 30754
0 311148 34572 1 208 0 311148 34572
-1
7 12
247714 404326 72449 1 452 247714 404326 72449
161830 413341 63908 1 262 161830 413341 63908
56920 424354 53475 1 125 56920 424354 53475
376245 390833 85231 1 326 376245 390833 85231
492497 378630 96792 1 623 492497 378630 96792
0 346374 38486 1 343 0 346374 38486
0 419562 46618 1 406 0 419562 46618
241741 404953 71855 1 472 241741 404953 71855
245683 404539 72247 1 314 245683 404539 72247
263934 402623 74062 1 180 263934 402623 74062
0 101682 11298 1 577 0 101682 11298
407105 387594 88300 1 176 407105 387594 88300
-1
8 0
-1
9 3
365003 306747 74639 1 367 365003 306747 74639
212299 322777 59453 1 622 212299 322777 59453
0 176436 19604 1 239 0 176436 19604
-1
10 0
-1
11 2
596719 89296 76224 1 200 596719 89296 76224
787070 69315 95154 1 92 787070 69315 95154
-1
12 44
176108 90219 29592 1 12 176108 90219 29592
391478 67611 51010 1 43 391478 67611 51010
622856 43323 74020 1 61 622856 43323 74020
615134 44133 73252 1 68 615134 44133 73252
198542 87864 31823 1 87 198542 87864 31823
635587 41986 75286 1 90 635587 41986 75286
309414 76226 42849 1 117 309414 76226 42849
788481 25937 90491 1 120 788481 25937 90491
495885 56651 61393 1 126 495885 56651 61393
753739 29584 87036 1 133 753739 29584 87036
26491 105925 14713 1 137 26491 105925 14713
0 19971 2219 1 141 0 19971 2219
23183 106272 14384 1 179 23183 106272 14384
484391 57858 60250 1 219 484391 57858 60250
813037 23359 92933 1 220 813037 23359 92933
0 19998 2222 1 223 0 19998 2222
859705 18460 97574 1 250 859705 18460 97574
0 44064 4896 1 252 0 44064 4896
475794 58760 59395 1 260 475794 58760 59395
232831 84265 35233 1 263 232831 84265 35233
258513 81569 37787 1 268 258513 81569 37787
80268 100280 20061 1 274 80268 100280 20061
685281 36770 80228 1 294 685281 36770 80228
87941 99474 20824 1 323 87941 99474 20824
202454 87454 32212 1 328 202454 87454 32212
0 57618 6402 1 332 0 57618 6402
582131 47598 69970 1 336 582131 47598 69970
21544 106444 14221 1 341 21544 106444 14221
770894 27783 88742 1 351 770894 27783 88742
0 43983 4887 1 384 0 43983 4887
0 97083 10787 1 428 0 97083 10787
0 59526 6614 1 432 0 59526 6614
633314 42225 75060 1 461 633314 42225 75060
116328 96494 23647 1 478 116328 96494 23647
277548 79571 39680 1 489 277548 79571 39680
156912 92234 27683 1 527 156912 92234 27683
27336 105836 14797 1 550 27336 105836 14797
98288 98388 21853 1 551 98288 98388 21853
807205 23971 92353 1 557 807205 23971 92353
460248 60392 57849 1 581 460248 60392 57849
339953 73020 45886 1 587 339953 73020 45886
280203 79292 39944 1 597 280203 79292 39944
227240 84852 34677 1 629 227240 84852 34677
78740 100440 19909 1 657 78740 100440 19909
-1
13 102
0 4590 510 1 594 0 4590 510
0 417123 46347 1 655 0 417123 46347
105054 464888 63327 1 202 105054 464888 63327
0 143559 15951 1 317 0 143559 15951
293516 445104 82069 1 656 293516 445104 82069
0 146007 16223 1 393 0 146007 16223
0 197865 21985 1 616 0 197865 21985
0 350226 38914 1 108 0 350226 38914
0 405657 45073 1 293 0 405657 45073
135593 461682 66364 1 119 135593 461682 66364
231010 451666 75853 1 423 231010 451666 75853
225077 452289 75263 1 29 225077 452289 75263
0 385308 42812 1 233 0 385308 42812
0 205569 22841 1 298 0 205569 22841
0 342072 38008 1 305 0 342072 38008
0 311274 34586 1 520 0 311274 34586
69116 468660 59753 1 524 69116 468660 59753
0 381816 42424 1 399 0 381816 42424
0 166851 18539 1 492 0 166851 18539
0 374211 41579 1 324 0 374211 41579
0 170217 18913 1 414 0 170217 18913
0 159075 17675 1 632 0 159075 17675
0 99171 11019 1 497 0 99171 11019
365071 437593 89185 1 495 365071 437593 89185
0 387225 43025 1 143 0 387225 43025
0 344934 38326 1 389 0 344934 38326
0 354105 39345 1 593 0 354105 39345
65325 469058 59376 1 530 65325 469058 59376
197596 455173 72530 1 426 197596 455173 72530
10743 474788 53948 1 541 10743 474788 53948
16857 474146 54556 1 245 16857 474146 54556
390411 434933 91705 1 329 390411 434933 91705
0 354888 39432 1 563 0 354888 39432
0 170046 18894 1 522 0 170046 18894
0 85950 9550 1 70 0 85950 9550
205821 454310 73348 1 322 205821 454310 73348
0 353565 39285 1 107 0 353565 39285
137815 461449 66585 1 502 137815 461449 66585
40236 471692 56881 1 127 40236 471692 56881
183337 456670 71112 1 639 183337 456670 71112
0 16884 1876 1 7 0 16884 1876
1925 475713 53071 1 11 1925 475713 53071
0 133731 14859 1 13 0 133731 14859
442479 429467 96883 1 27 442479 429467 96883
0 106362 11818 1 37 0 106362 11818
0 407079 45231 1 49 0 407079 45231
0 77058 8562 1 65 0 77058 8562
0 45441 5049 1 94 0 45441 5049
0 79542 8838 1 97 0 79542 8838
0 351171 39019 1 98 0 351171 39019
0 224586 24954 1 122 0 224586 24954
242192 450492 76965 1 123 242192 450492 76965
0 99495 11055 1 140 0 99495 11055
0 437670 48630 1 153 0 437670 48630
37008 472031 56560 1 158 37008 472031 56560
147650 460416 67563 1 167 147650 460416 67563
179626 457060 70743 1 174 179626 457060 70743
0 467415 51935 1 177 0 467415 51935
180049 457015 70785 1 188 180049 457015 70785
0 110151 12239 1 195 0 110151 12239
457311 427910 98358 1 210 457311 427910 98358
0 444087 49343 1 211 0 444087 49343
0 87435 9715 1 237 0 87435 9715
352934 438867 87978 1 248 352934 438867 87978
136277 461610 66432 1 249 136277 461610 66432
257597 448875 78497 1 254 257597 448875 78497
70443 468521 59885 1 257 70443 468521 59885
0 367182 40798 1 259 0 367182 40798
257708 448863 78508 1 279 257708 448863 78508
0 445851 49539 1 281 0 445851 49539
0 223911 24879 1 284 0 223911 24879
193754 455577 72148 1 301 193754 455577 72148
0 107019 11891 1 307 0 107019 11891
464118 427196 99035 1 311 464118 427196 99035
0 191142 21238 1 342 0 191142 21238
0 338652 37628 1 357 0 338652 37628
209160 453959 73680 1 366 209160 453959 73680
0 233775 25975 1 368 0 233775 25975
0 442512 49168 1 375 0 442512 49168
332541 441008 85950 1 391 332541 441008 85950
425535 431246 95198 1 396 425535 431246 95198
0 370134 41126 1 415 0 370134 41126
0 123696 13744 1 424 0 123696 13744
0 189657 21073 1 425 0 189657 21073
146282 460560 67427 1 443 146282 460560 67427
323903 441915 85091 1 453 323903 441915 85091
0 199143 22127 1 455 0 199143 22127
0 467316 51924 1 459 0 467316 51924
364387 437665 89117 1 469 364387 437665 89117
0 35145 3905 1 470 0 35145 3905
0 241587 26843 1 474 0 241587 26843
121857 463124 64998 1 486 121857 463124 64998
0 12609 1401 1 508 0 12609 1401
332873 440973 85983 1 516 332873 440973 85983
42670 471436 57123 1 532 42670 471436 57123
0 66636 7404 1 543 0 66636 7404
78216 467705 60658 1 546 78216 467705 60658
361944 437921 88874 1 552 361944 437921 88874
0 302571 33619 1 574 0 302571 33619
19331 473886 54802 1 599 19331 473886 54802
0 87534 9726 1 610 0 87534 9726
0 403209 44801 1 613 0 403209 44801
-1
14 0
-1
15 14
461071 67237 58701 1 47 461071 67237 58701
600511 52600 72568 1 84 600511 52600 72568
124139 102606 25194 1 147 124139 102606 25194
0 33876 3764 1 154 0 33876 3764
212849 93294 34016 1 287 212849 93294 34016
831829 28318 95572 1 300 831829 28318 95572
438757 69580 56482 1 354 438757 69580 56482
789535 32758 91366 1 397 789535 32758 91366
0 44046 4894 1 408 0 44046 4894
0 31842 3538 1 422 0 31842 3538
121706 102861 24952 1 427 121706 102861 24952
204845 94134 33220 1 619 204845 94134 33220
674339 44850 79910 1 630 674339 44850 79910
737247 38246 86166 1 650 737247 38246 86166
-1
16 26
0 244251 27139 1 91 0 244251 27139
0 144891 16099 1 258 0 144891 16099
318417 403616 80226 1 518 318417 403616 80226
173345 418845 65799 1 344 173345 418845 65799
0 395352 43928 1 236 0 395352 43928
285635 407058 76966 1 270 285635 407058 76966
0 329688 36632 1 256 0 329688 36632
376276 397543 85980 1 477 376276 397543 85980
508507 383662 99130 1 285 508507 383662 99130
343746 400958 82745 1 539 343746 400958 82745
0 422550 46950 1 579 0 422550 46950
58360 430915 54364 1 538 58360 430915 54364
0 425187 47243 1 450 0 425187 47243
0 341442 37938 1 166 0 341442 37938
433693 391516 91690 1 32 433693 391516 91690
65017 430217 55026 1 660 65017 430217 55026
0 77643 8627 1 4 0 77643 8627
0 358425 39825 1 196 0 358425 39825
0 173502 19278 1 313 0 173502 19278
179600 418188 66421 1 376 179600 418188 66421
287466 406866 77148 1 359 287466 406866 77148
0 433773 48197 1 416 0 433773 48197
0 383895 42655 1 216 0 383895 42655
489079 385702 97198 1 402 489079 385702 97198
13049 435672 49858 1 213 13049 435672 49858
192430 416842 67697 1 386 192430 416842 67697
-1
17 0
-1
18 20
413760 274649 76490 1 315 413760 274649 76490
195947 297513 54829 1 22 195947 297513 54829
0 94455 10495 1 48 0 94455 10495
149249 302415 50185 1 66 149249 302415 50185
629190 252035 97914 1 136 629190 252035 97914
81414 309536 43439 1 138 81414 309536 43439
605520 254519 95560 1 144 605520 254519 95560
209592 296081 56186 1 189 209592 296081 56186
191713 297958 54408 1 253 191713 297958 54408
0 135315 15035 1 272 0 135315 15035
107247 306824 46008 1 283 107247 306824 46008
26541 315296 37982 1 340 26541 315296 37982
0 27090 3010 1 377 0 27090 3010
467839 268972 81868 1 403 467839 268972 81868
64179 311345 41725 1 410 64179 311345 41725
130073 304428 48278 1 419 130073 304428 48278
541556 261234 89199 1 514 541556 261234 89199
270368 289701 62230 1 554 270368 289701 62230
0 64179 7131 1 602 0 64179 7131
491972 266439 84268 1 604 491972 266439 84268
-1
19 103
409052 196908 67329 1 1 409052 196908 67329
139382 225216 40511 1 5 139382 225216 40511
0 206334 22926 1 10 0 206334 22926
28872 236816 29521 1 15 28872 236816 29521
610163 175797 87329 1 18 610163 175797 87329
222280 216514 48755 1 26 222280 216514 48755
477611 189711 74147 1 31 477611 189711 74147
394552 198430 65887 1 34 394552 198430 65887
640682 172593 90364 1 36 640682 172593 90364
182229 220718 44772 1 45 182229 220718 44772
0 109035 12115 1 52 0 109035 12115
0 138978 15442 1 57 0 138978 15442
541313 183024 80482 1 67 541313 183024 80482
124379 226791 39019 1 75 124379 226791 39019
472996 190195 73688 1 76 472996 190195 73688
0 77598 8622 1 82 0 77598 8622
0 199404 22156 1 85 0 199404 22156
178569 221102 44408 1 89 178569 221102 44408
0 199629 22181 1 104 0 199629 22181
408901 196924 67314 1 116 408901 196924 67314
186915 220226 45238 1 121 186915 220226 45238
0 49887 5543 1 128 0 49887 5543
346416 203483 61100 1 129 346416 203483 61100
527688 184454 79127 1 130 527688 184454 79127
637474 172930 90045 1 627 637474 172930 90045
673403 169158 93618 1 337 673403 169158 93618
0 212634 23626 1 312 0 212634 23626
104309 228897 37023 1 561 104309 228897 37023
244031 214230 50918 1 135 244031 214230 50918
664644 170078 92747 1 146 664644 170078 92747
431084 194595 69520 1 149 431084 194595 69520
0 44757 4973 1 151 0 44757 4973
439299 193733 70337 1 164 439299 193733 70337
564441 180596 82782 1 182 564441 180596 82782
455982 191982 71996 1 184 455982 191982 71996
130272 226172 39605 1 191 130272 226172 39605
0 17784 1976 1 197 0 17784 1976
0 153828 17092 1 203 0 153828 17092
52784 234306 31899 1 217 52784 234306 31899
0 155601 17289 1 222 0 155601 17289
0 22203 2467 1 232 0 22203 2467
452392 192358 71639 1 238 452392 192358 71639
135109 225664 40086 1 241 135109 225664 40086
0 78426 8714 1 261 0 78426 8714
0 62532 6948 1 266 0 62532 6948
20013 237746 28640 1 278 20013 237746 28640
687279 167702 94998 1 282 687279 167702 94998
0 142497 15833 1 297 0 142497 15833
241356 214511 50652 1 303 241356 214511 50652
162118 222829 42772 1 310 162118 222829 42772
713152 164986 97571 1 318 713152 164986 97571
120870 227159 38670 1 330 120870 227159 38670
281749 210271 54669 1 331 281749 210271 54669
0 161892 17988 1 346 0 161892 17988
0 225918 25102 1 349 0 225918 25102
0 214623 23847 1 364 0 214623 23847
183365 220599 44885 1 370 183365 220599 44885
111287 228165 37717 1 385 111287 228165 37717
407232 197099 67148 1 388 407232 197099 67148
374069 200580 63850 1 390 374069 200580 63850
7242 239087 27370 1 392 7242 239087 27370
0 190395 21155 1 395 0 190395 21155
430189 194689 69431 1 398 430189 194689 69431
207790 218035 47314 1 400 207790 218035 47314
0 132111 14679 1 401 0 132111 14679
170776 221920 43633 1 409 170776 221920 43633
435891 194090 69998 1 411 435891 194090 69998
424266 195311 68842 1 418 424266 195311 68842
0 185598 20622 1 420 0 185598 20622
215543 217221 48085 1 431 215543 217221 48085
0 131463 14607 1 433 0 131463 14607
188765 220032 45422 1 436 188765 220032 45422
312217 207073 57699 1 446 312217 207073 57699
197896 219073 46330 1 448 197896 219073 46330
0 164475 18275 1 466 0 164475 18275
83785 231052 34982 1 479 83785 231052 34982
241517 214494 50668 1 481 241517 214494 50668
473327 190161 73721 1 487 473327 190161 73721
185930 220329 45140 1 494 185930 220329 45140
0 60165 6685 1 499 0 60165 6685
39802 235669 30608 1 500 39802 235669 30608
227952 215918 49319 1 503 227952 215918 49319
431376 194564 69549 1 506 431376 194564 69549
579645 179000 84294 1 507 579645 179000 84294
0 175473 19497 1 509 0 175473 19497
0 86292 9588 1 528 0 86292 9588
620259 174737 88333 1 535 620259 174737 88333
0 46602 5178 1 547 0 46602 5178
6981 239114 27344 1 553 6981 239114 27344
19822 237766 28621 1 560 19822 237766 28621
117773 227484 38362 1 567 117773 227484 38362
0 37836 4204 1 569 0 37836 4204
512192 186081 77586 1 572 512192 186081 77586
59330 233619 32550 1 582 59330 233619 32550
547216 182404 81069 1 584 547216 182404 81069
718371 164438 98090 1 588 718371 164438 98090
193964 219486 45939 1 592 193964 219486 45939
53719 234208 31992 1 615 53719 234208 31992
0 102258 11362 1 620 0 102258 11362
0 59022 6558 1 635 0 59022 6558
0 207963 23107 1 641 0 207963 23107
460024 191557 72398 1 654 460024 191557 72398
0 60858 6762 1 664 0 60858 6762
-1
20 28
0 4662 518 1 439 0 4662 518
0 144099 16011 1 145 0 144099 16011
0 158724 17636 1 484 0 158724 17636
271953 468530 82276 1 131 271953 468530 82276
83139 488351 63499 1 159 83139 488351 63499
447412 450112 99725 1 302 447412 450112 99725
229890 472946 78093 1 454 229890 472946 78093
228171 473126 77922 1 642 228171 473126 77922
133588 483055 68516 1 171 133588 483055 68516
222389 473733 77347 1 618 222389 473733 77347
0 254907 28323 1 378 0 254907 28323
0 479304 53256 1 148 0 479304 53256
61641 490607 61361 1 485 61641 490607 61361
0 482580 53620 1 586 0 482580 53620
0 393462 43718 1 280 0 393462 43718
0 150354 16706 1 350 0 150354 16706
0 433656 48184 1 442 0 433656 48184
0 203697 22633 1 112 0 203697 22633
419578 453034 96957 1 510 419578 453034 96957
0 255636 28404 1 173 0 255636 28404
0 443961 49329 1 631 0 443961 49329
0 336411 37379 1 193 0 336411 37379
177712 478423 72904 1 44 177712 478423 72904
0 439965 48885 1 537 0 439965 48885
0 415791 46199 1 53 0 415791 46199
69564 489776 62149 1 99 69564 489776 62149
277785 467918 82856 1 456 277785 467918 82856
92612 487356 64441 1 544 92612 487356 64441
-1
21 2
372955 304699 75295 1 383 372955 304699 75295
0 242208 26912 1 325 0 242208 26912
-1
22 1
0 206793 22977 1 58 0 206793 22977
-1
23 1
753281 84069 93039 1 517 753281 84069 93039
-1
24 0
-1
25 1
232160 95583 36416 1 155 232160 95583 36416
-1
26 0
-1
27 0
-1
28 0
-1
29 2
841724 40824 98061 1 429 841724 40824 98061
642322 61756 78231 1 648 642322 61756 78231
-1
30 10
0 341019 37891 1 451 0 341019 37891
0 230886 25654 1 529 0 230886 25654
505922 334866 93421 1 234 505922 334866 93421
364732 349687 79380 1 160 364732 349687 79380
237489 363044 66726 1 73 237489 363044 66726
89179 378613 51977 1 30 89179 378613 51977
158372 371349 58858 1 83 158372 371349 58858
87611 378777 51821 1 114 87611 378777 51821
0 320814 35646 1 275 0 320814 35646
0 251028 27892 1 291 0 251028 27892
-1
31 0
-1
32 38
0 3762 418 1 93 0 3762 418
497562 310106 89741 1 86 497562 310106 89741
0 221571 24619 1 109 0 221571 24619
0 322758 35862 1 612 0 322758 35862
374059 323071 77459 1 110 374059 323071 77459
386317 321784 78678 1 555 386317 321784 78678
0 264222 29358 1 611 0 264222 29358
241809 336953 64307 1 636 241809 336953 64307
0 114678 12742 1 549 0 114678 12742
535019 306174 93466 1 607 535019 306174 93466
494917 310384 89478 1 653 494917 310384 89478
191782 342205 59332 1 645 191782 342205 59332
564602 303069 96408 1 54 564602 303069 96408
444549 315671 84469 1 651 444549 315671 84469
0 151650 16850 1 496 0 151650 16850
199937 341349 60143 1 21 199937 341349 60143
107245 351079 50925 1 33 107245 351079 50925
0 26289 2921 1 40 0 26289 2921
324335 328290 72514 1 41 324335 328290 72514
41673 357962 44404 1 59 41673 357962 44404
483414 311591 88334 1 60 483414 311591 88334
162440 345285 56414 1 105 162440 345285 56414
223015 338926 62438 1 150 223015 338926 62438
0 289521 32169 1 163 0 289521 32169
0 10260 1140 1 192 0 10260 1140
0 52596 5844 1 255 0 52596 5844
539705 305682 93932 1 265 539705 305682 93932
105918 351218 50793 1 271 105918 351218 50793
315677 329199 71653 1 304 315677 329199 71653
128754 348821 53064 1 358 128754 348821 53064
43 362332 40264 1 380 43 362332 40264
0 206154 22906 1 434 0 206154 22906
0 328815 36535 1 444 0 328815 36535
0 55899 6211 1 525 0 55899 6211
0 321660 35740 1 526 0 321660 35740
68773 355117 47099 1 573 68773 355117 47099
0 89208 9912 1 596 0 89208 9912
0 166878 18542 1 644 0 166878 18542
-1
33 30
528977 339000 96442 1 292 528977 339000 96442
77563 386386 51550 1 19 77563 386386 51550
0 83736 9304 1 20 0 83736 9304
0 203868 22652 1 38 0 203868 22652
0 164592 18288 1 42 0 164592 18288
64360 387772 50237 1 46 64360 387772 50237
23284 392083 46152 1 134 23284 392083 46152
260353 367198 69728 1 152 260353 367198 69728
318977 361044 75558 1 162 318977 361044 75558
190145 374568 62746 1 198 190145 374568 62746
345443 358266 78190 1 226 345443 358266 78190
341803 358648 77828 1 231 341803 358648 77828
0 93789 10421 1 290 0 93789 10421
373951 355273 81025 1 334 373951 355273 81025
148485 378941 58603 1 335 148485 378941 58603
555655 336199 99095 1 348 555655 336199 99095
523769 339546 95924 1 352 523769 339546 95924
221458 371281 65860 1 355 221458 371281 65860
0 173511 19279 1 360 0 173511 19279
0 125199 13911 1 373 0 125199 13911
0 101322 11258 1 404 0 101322 11258
487659 343337 92333 1 405 487659 343337 92333
521466 339788 95695 1 464 521466 339788 95695
0 328689 36521 1 488 0 328689 36521
467769 345425 90355 1 511 467769 345425 90355
0 365436 40604 1 515 0 365436 40604
0 179973 19997 1 548 0 179973 19997
0 176742 19638 1 565 0 176742 19638
0 342693 38077 1 578 0 342693 38077
317771 361170 75438 1 621 317771 361170 75438
-1
