1 33
45740 215673 29046 1 209 45740 215673 29046
0 128034 14226 1 564 0 128034 14226
536461 164161 77847 1 2 536461 164161 77847
723102 144569 96408 1 54 723102 144569 96408
537959 164004 77996 1 412 537959 164004 77996
759151 140785 99993 1 309 759151 140785 99993
0 112545 12505 1 206 0 112545 12505
0 151650 16850 1 496 0 151650 16850
199982 199482 44385 1 251 199982 199482 44385
0 198540 22060 1 244 0 198540 22060
26564 217686 27139 1 91 26564 217686 27139
21566 218211 26642 1 356 21566 218211 26642
334646 185346 57777 1 111 334646 185346 57777
0 112185 12465 1 3 0 112185 12465
554541 162263 79645 1 640 554541 162263 79645
1224 220346 24619 1 109 1224 220346 24619
721523 144735 96251 1 463 721523 144735 96251
286490 190401 52988 1 345 286490 190401 52988
138452 205941 38266 1 101 138452 205941 38266
675660 149549 91690 1 32 675660 149549 91690
337230 185075 58034 1 247 337230 185075 58034
430164 175319 67276 1 118 430164 175319 67276
166296 203018 41035 1 175 166296 203018 41035
141237 205649 38543 1 545 141237 205649 38543
314746 187435 55798 1 227 314746 187435 55798
447771 173471 69027 1 595 447771 173471 69027
0 14868 1652 1 194 0 14868 1652
719935 144901 96093 1 458 719935 144901 96093
0 14904 1656 1 513 0 14904 1656
0 15804 1756 1 113 0 15804 1756
243392 194925 48702 1 62 243392 194925 48702
0 83394 9266 1 88 0 83394 9266
0 203049 22561 1 299 0 203049 22561
-1
2 0
-1
3 0
-1
4 69
90282 472037 62480 1 634 90282 472037 62480
0 453969 50441 1 178 0 453969 50441
0 141273 15697 1 457 0 141273 15697
0 333594 37066 1 142 0 333594 37066
189148 461659 72312 1 132 189148 461659 72312
42649 477037 57743 1 9 42649 477037 57743
0 292518 32502 1 8 0 292518 32502
10662 480395 54562 1 39 10662 480395 54562
342435 445568 87556 1 228 342435 445568 87556
413759 438081 94649 1 78 413759 438081 94649
0 195957 21773 1 523 0 195957 21773
0 186669 20741 1 353 0 186669 20741
106934 470289 64136 1 556 106934 470289 64136
253262 454929 78688 1 28 253262 454929 78688
396483 439895 92931 1 626 396483 439895 92931
247963 455485 78161 1 24 247963 455485 78161
0 304380 33820 1 482 0 304380 33820
0 307881 34209 1 609 0 307881 34209
186986 461886 72097 1 25 186986 461886 72097
0 249948 27772 1 661 0 249948 27772
105797 470409 64023 1 339 105797 470409 64023
0 428706 47634 1 55 0 428706 47634
0 277119 30791 1 649 0 277119 30791
0 421650 46850 1 264 0 421650 46850
8118 480662 54309 1 124 8118 480662 54309
0 65187 7243 1 447 0 65187 7243
0 422082 46898 1 215 0 422082 46898
0 340173 37797 1 308 0 340173 37797
0 442341 49149 1 566 0 442341 49149
0 478980 53220 1 77 0 478980 53220
0 443214 49246 1 646 0 443214 49246
0 60930 6770 1 240 0 60930 6770
183617 462240 71762 1 605 183617 462240 71762
450884 434184 98341 1 157 450884 434184 98341
411235 438346 94398 1 201 411235 438346 94398
194528 461094 72847 1 23 194528 461094 72847
0 469962 52218 1 338 0 469962 52218
101655 470843 63611 1 421 101655 470843 63611
464801 432723 99725 1 302 464801 432723 99725
0 470169 52241 1 562 0 470169 52241
458597 433374 99108 1 63 458597 433374 99108
0 46593 5177 1 534 0 46593 5177
29647 478402 56450 1 186 29647 478402 56450
0 153117 17013 1 589 0 153117 17013
399943 439531 93275 1 512 399943 439531 93275
194880 461057 72882 1 212 194880 461057 72882
43111 476989 57789 1 289 43111 476989 57789
0 125892 13988 1 35 0 125892 13988
150866 465678 68505 1 585 150866 465678 68505
0 50922 5658 1 417 0 50922 5658
0 21636 2404 1 571 0 21636 2404
212034 459257 74588 1 224 212034 459257 74588
244232 455877 77790 1 170 244232 455877 77790
290840 450984 82425 1 333 290840 450984 82425
0 409932 45548 1 371 0 409932 45548
338574 445973 87172 1 242 338574 445973 87172
453639 433895 98615 1 617 453639 433895 98615
0 297405 33045 1 156 0 297405 33045
0 146727 16303 1 647 0 146727 16303
425162 436884 95783 1 471 425162 436884 95783
0 391464 43496 1 505 0 391464 43496
329312 446946 86251 1 628 329312 446946 86251
254097 454841 78771 1 327 254097 454841 78771
0 156483 17387 1 347 0 156483 17387
0 59958 6662 1 658 0 59958 6662
0 478071 53119 1 441 0 478071 53119
0 19773 2197 1 475 0 19773 2197
0 260631 28959 1 437 0 260631 28959
342324 445580 87545 1 16 342324 445580 87545
-1
5 51
214918 337141 61340 1 473 214918 337141 61340
62667 353123 46199 1 53 62667 353123 46199
133629 345674 53256 1 148 133629 345674 53256
0 71388 7932 1 659 0 71388 7932
222018 336395 62046 1 96 222018 336395 62046
0 260388 28932 1 540 0 260388 28932
0 9063 1007 1 491 0 9063 1007
0 28197 3133 1 190 0 28197 3133
0 315585 35065 1 286 0 315585 35065
172997 341541 57171 1 229 172997 341541 57171
0 311706 34634 1 14 0 311706 34634
125645 346512 52462 1 168 125645 346512 52462
57700 353644 45705 1 580 57700 353644 45705
376934 320133 77452 1 468 376934 320133 77452
0 313893 34877 1 64 0 313893 34877
447363 312740 84456 1 161 447363 312740 84456
0 246258 27362 1 407 0 246258 27362
369231 320942 76686 1 598 369231 320942 76686
0 345474 38386 1 438 0 345474 38386
0 214857 23873 1 71 0 214857 23873
355244 322410 75295 1 383 355244 322410 75295
425442 315042 82276 1 131 425442 315042 82276
82346 351057 48156 1 570 82346 351057 48156
0 24138 2682 1 536 0 24138 2682
0 150354 16706 1 350 0 150354 16706
66418 352729 46572 1 205 66418 352729 46572
856 359611 40052 1 276 856 359611 40052
0 303381 33709 1 246 0 303381 33709
508712 306300 90557 1 165 508712 306300 90557
238298 334686 63665 1 316 238298 334686 63665
0 84528 9392 1 542 0 84528 9392
0 226665 25185 1 6 0 226665 25185
299285 328284 69730 1 490 299285 328284 69730
251682 333281 64996 1 372 251682 333281 64996
157773 343139 55657 1 235 157773 343139 55657
417538 315871 81490 1 17 417538 315871 81490
331201 324934 72904 1 44 331201 324934 72904
0 67581 7509 1 204 0 67581 7509
321427 325960 71932 1 106 321427 325960 71932
0 23472 2608 1 69 0 23472 2608
0 144099 16011 1 145 0 144099 16011
295504 328681 69354 1 387 295504 328681 69354
0 219996 24444 1 207 0 219996 24444
546370 302347 94302 1 575 546370 302347 94302
0 65916 7324 1 381 0 65916 7324
0 90585 10065 1 321 0 90585 10065
0 186021 20669 1 181 0 186021 20669
533669 303681 93039 1 517 533669 303681 93039
0 35082 3898 1 50 0 35082 3898
223053 336287 62149 1 99 223053 336287 62149
196798 339043 59538 1 591 196798 339043 59538
-1
6 3
0 199629 22181 1 104 0 199629 22181
0 161892 17988 1 346 0 161892 17988
460127 422682 98090 1 588 460127 422682 98090
-1
7 19
0 190395 21155 1 395 0 190395 21155
28694 427317 50668 1 481 28694 427317 50668
0 207963 23107 1 641 0 207963 23107
0 364599 40511 1 5 0 364599 40511
492497 378630 96792 1 623 492497 378630 96792
0 206334 22926 1 10 0 206334 22926
0 384948 42772 1 310 0 384948 42772
0 214623 23847 1 364 0 214623 23847
245683 404539 72247 1 314 245683 404539 72247
0 132111 14679 1 401 0 132111 14679
0 292950 32550 1 582 0 292950 32550
0 312093 34677 1 629 0 312093 34677
0 289908 32212 1 328 0 289908 32212
56920 424354 53475 1 125 56920 424354 53475
247202 404379 72398 1 654 247202 404379 72398
411550 387127 88742 1 351 411550 387127 88742
0 419562 46618 1 406 0 419562 46618
460581 381980 93618 1 337 460581 381980 93618
247714 404326 72449 1 452 247714 404326 72449
-1
8 0
-1
9 0
-1
10 0
-1
11 0
-1
12 28
685281 36770 80228 1 294 685281 36770 80228
0 43983 4887 1 384 0 43983 4887
87941 99474 20824 1 323 87941 99474 20824
280203 79292 39944 1 597 280203 79292 39944
98288 98388 21853 1 551 98288 98388 21853
0 44064 4896 1 252 0 44064 4896
0 97083 10787 1 428 0 97083 10787
753739 29584 87036 1 133 753739 29584 87036
495885 56651 61393 1 126 495885 56651 61393
27336 105836 14797 1 550 27336 105836 14797
391478 67611 51010 1 43 391478 67611 51010
807205 23971 92353 1 557 807205 23971 92353
623279 43279 74062 1 180 623279 43279 74062
232831 84265 35233 1 263 232831 84265 35233
475794 58760 59395 1 260 475794 58760 59395
817944 22844 93421 1 234 817944 22844 93421
339953 73020 45886 1 587 339953 73020 45886
21544 106444 14221 1 341 21544 106444 14221
540189 52001 65799 1 344 540189 52001 65799
633314 42225 75060 1 461 633314 42225 75060
582131 47598 69970 1 336 582131 47598 69970
23183 106272 14384 1 179 23183 106272 14384
6672 108005 12742 1 549 6672 108005 12742
0 57618 6402 1 332 0 57618 6402
875351 16818 99130 1 285 875351 16818 99130
116328 96494 23647 1 478 116328 96494 23647
0 77643 8627 1 4 0 77643 8627
258513 81569 37787 1 268 258513 81569 37787
-1
13 115
183337 456670 71112 1 639 183337 456670 71112
105054 464888 63327 1 202 105054 464888 63327
0 199143 22127 1 455 0 199143 22127
218803 452947 74639 1 367 218803 452947 74639
0 451665 50185 1 66 0 451665 50185
0 94455 10495 1 48 0 94455 10495
0 342072 38008 1 305 0 342072 38008
365212 437578 89199 1 514 365212 437578 89199
352934 438867 87978 1 248 352934 438867 87978
315628 442783 84268 1 604 315628 442783 84268
0 223911 24879 1 284 0 223911 24879
0 170046 18894 1 522 0 170046 18894
0 164475 18275 1 466 0 164475 18275
0 333207 37023 1 561 0 333207 37023
0 176436 19604 1 239 0 176436 19604
0 408798 45422 1 436 0 408798 45422
293516 445104 82069 1 656 293516 445104 82069
0 251028 27892 1 291 0 251028 27892
0 191142 21238 1 342 0 191142 21238
15369 474302 54408 1 253 15369 474302 54408
452846 428379 97914 1 136 452846 428379 97914
0 374211 41579 1 324 0 374211 41579
0 164592 18288 1 42 0 164592 18288
146282 460560 67427 1 443 146282 460560 67427
0 452133 50237 1 46 0 452133 50237
0 146007 16223 1 393 0 146007 16223
0 415368 46152 1 134 0 415368 46152
0 434502 48278 1 419 0 434502 48278
0 344934 38326 1 389 0 344934 38326
228044 451977 75558 1 162 228044 451977 75558
0 351171 39019 1 98 0 351171 39019
332541 441008 85950 1 391 332541 441008 85950
361944 437921 88874 1 552 361944 437921 88874
172135 457846 69998 1 411 172135 457846 69998
442479 429467 96883 1 27 442479 429467 96883
209160 453959 73680 1 366 209160 453959 73680
0 370134 41126 1 415 0 370134 41126
0 166851 18539 1 492 0 166851 18539
0 107019 11891 1 307 0 107019 11891
0 233775 25975 1 368 0 233775 25975
0 225918 25102 1 349 0 225918 25102
205821 454310 73348 1 322 205821 454310 73348
114909 463853 64307 1 636 114909 463853 64307
0 403965 44885 1 370 0 403965 44885
48462 470828 57699 1 446 48462 470828 57699
130525 462214 65860 1 355 130525 462214 65860
257597 448875 78497 1 254 257597 448875 78497
0 416970 46330 1 448 0 416970 46330
136277 461610 66432 1 249 136277 461610 66432
356504 438492 88333 1 535 356504 438492 88333
226837 452104 75438 1 621 226837 452104 75438
209240 453951 73688 1 76 209240 453951 73688
78216 467705 60658 1 546 78216 467705 60658
0 205569 22841 1 298 0 205569 22841
277557 446780 80482 1 67 277557 446780 80482
0 402948 44772 1 45 0 402948 44772
0 125199 13911 1 373 0 125199 13911
188636 456114 71639 1 238 188636 456114 71639
429175 430864 95560 1 144 429175 430864 95560
0 354105 39345 1 593 0 354105 39345
390411 434933 91705 1 329 390411 434933 91705
0 4590 510 1 594 0 4590 510
0 123696 13744 1 424 0 123696 13744
0 350226 38914 1 108 0 350226 38914
169420 458131 69728 1 152 169420 458131 69728
0 212634 23626 1 312 0 212634 23626
469257 426656 99546 1 51 469257 426656 99546
0 257589 28621 1 560 0 257589 28621
300685 444352 82782 1 182 300685 444352 82782
137815 461449 66585 1 502 137815 461449 66585
197596 455173 72530 1 426 197596 455173 72530
175544 457488 70337 1 164 175544 457488 70337
0 133731 14859 1 13 0 133731 14859
242192 450492 76965 1 123 242192 450492 76965
40236 471692 56881 1 127 40236 471692 56881
400889 433833 92747 1 146 400889 433833 92747
0 445851 49539 1 281 0 445851 49539
254922 449156 78231 1 648 254922 449156 78231
323903 441915 85091 1 453 323903 441915 85091
1925 475713 53071 1 11 1925 475713 53071
0 437670 48630 1 153 0 437670 48630
19331 473886 54802 1 599 19331 473886 54802
0 467415 51935 1 177 0 467415 51935
0 189657 21073 1 425 0 189657 21073
0 106362 11818 1 37 0 106362 11818
0 241587 26843 1 474 0 241587 26843
193754 455577 72148 1 301 193754 455577 72148
0 302571 33619 1 574 0 302571 33619
65325 469058 59376 1 530 65325 469058 59376
0 79542 8838 1 97 0 79542 8838
0 338652 37628 1 357 0 338652 37628
37008 472031 56560 1 158 37008 472031 56560
147650 460416 67563 1 167 147650 460416 67563
179626 457060 70743 1 174 179626 457060 70743
0 405657 45073 1 293 0 405657 45073
0 143559 15951 1 317 0 143559 15951
0 110151 12239 1 195 0 110151 12239
0 66636 7404 1 543 0 66636 7404
0 467316 51924 1 459 0 467316 51924
364387 437665 89117 1 469 364387 437665 89117
365081 437592 89186 1 480 365081 437592 89186
42670 471436 57123 1 532 42670 471436 57123
332873 440973 85983 1 516 332873 440973 85983
121857 463124 64998 1 486 121857 463124 64998
0 16884 1876 1 7 0 16884 1876
464118 427196 99035 1 311 464118 427196 99035
0 45441 5049 1 94 0 45441 5049
0 403209 44801 1 613 0 403209 44801
0 353565 39285 1 107 0 353565 39285
0 417123 46347 1 655 0 417123 46347
0 87534 9726 1 610 0 87534 9726
0 77058 8562 1 65 0 77058 8562
0 407079 45231 1 49 0 407079 45231
0 12609 1401 1 508 0 12609 1401
0 99495 11055 1 140 0 99495 11055
-1
14 0
-1
15 32
789535 32758 91366 1 397 789535 32758 91366
674339 44850 79910 1 630 674339 44850 79910
636480 48824 76145 1 465 636480 48824 76145
204845 94134 33220 1 619 204845 94134 33220
780737 33681 90491 1 120 780737 33681 90491
461071 67237 58701 1 47 461071 67237 58701
677517 44517 80226 1 518 677517 44517 80226
212849 93294 34016 1 287 212849 93294 34016
424117 71117 55026 1 660 424117 71117 55026
32684 112206 16099 1 258 32684 112206 16099
0 44046 4894 1 408 0 44046 4894
18747 113669 14713 1 137 18747 113669 14713
637274 48741 76224 1 200 637274 48741 76224
452503 68137 57849 1 581 452503 68137 57849
64651 108850 19278 1 313 64651 108850 19278
737247 38246 86166 1 650 737247 38246 86166
438757 69580 56482 1 354 438757 69580 56482
735376 38443 85980 1 477 735376 38443 85980
0 33876 3764 1 154 0 33876 3764
0 19971 2219 1 141 0 19971 2219
345854 79332 47243 1 450 345854 79332 47243
0 31842 3538 1 422 0 31842 3538
0 19998 2222 1 223 0 19998 2222
715094 40572 83963 1 185 715094 40572 83963
124139 102606 25194 1 147 124139 102606 25194
0 59526 6614 1 432 0 59526 6614
538700 59088 66421 1 376 538700 59088 66421
72524 108024 20061 1 274 72524 108024 20061
232146 91268 35935 1 603 232146 91268 35935
350550 78839 47710 1 382 350550 78839 47710
365473 77273 49194 1 365 365473 77273 49194
417460 71815 54364 1 538 417460 71815 54364
-1
16 45
472729 387418 95572 1 300 472729 387418 95572
0 266328 29592 1 12 0 266328 29592
0 286407 31823 1 87 0 286407 31823
256012 410167 74020 1 61 256012 410167 74020
492860 385305 97574 1 250 492860 385305 97574
411451 393851 89478 1 653 411451 393851 89478
302851 405251 78678 1 555 302851 405251 78678
268742 408831 75286 1 90 268742 408831 75286
117547 424702 60250 1 219 117547 424702 60250
248289 410978 73252 1 68 248289 410978 73252
0 128043 14227 1 638 0 128043 14227
116471 424815 60143 1 21 116471 424815 60143
0 179721 19969 1 633 0 179721 19969
0 383895 42655 1 216 0 383895 42655
174230 418752 65887 1 34 174230 418752 65887
447912 390023 93104 1 568 447912 390023 93104
307365 404777 79127 1 130 307365 404777 79127
322962 403139 80678 1 295 322962 403139 80678
294303 406148 77828 1 231 294303 406148 77828
0 153828 17092 1 203 0 153828 17092
0 395352 43928 1 236 0 395352 43928
0 166878 18542 1 644 0 166878 18542
0 269262 29918 1 361 0 269262 29918
330664 402331 81444 1 214 330664 402331 81444
0 249147 27683 1 527 0 249147 27683
0 329688 36632 1 256 0 329688 36632
0 224568 24952 1 427 0 224568 24952
241411 411700 72568 1 84 241411 411700 72568
45288 432287 53064 1 358 45288 432287 53064
210762 414917 69520 1 149 210762 414917 69520
0 341442 37938 1 166 0 341442 37938
0 403164 44796 1 663 0 403164 44796
214362 414539 69878 1 81 214362 414539 69878
0 422550 46950 1 579 0 422550 46950
182667 417867 66726 1 73 182667 417867 66726
0 322758 35862 1 612 0 322758 35862
285635 407058 76966 1 270 285635 407058 76966
13049 435672 49858 1 213 13049 435672 49858
399947 395058 88334 1 60 399947 395058 88334
0 357120 39680 1 489 0 357120 39680
0 385641 42849 1 117 0 385641 42849
287466 406866 77148 1 359 287466 406866 77148
343746 400958 82745 1 539 343746 400958 82745
0 358425 39825 1 196 0 358425 39825
295832 405987 77980 1 558 295832 405987 77980
-1
17 0
-1
18 16
270368 289701 62230 1 554 270368 289701 62230
107247 306824 46008 1 283 107247 306824 46008
467839 268972 81868 1 403 467839 268972 81868
64179 311345 41725 1 410 64179 311345 41725
195947 297513 54829 1 22 195947 297513 54829
81414 309536 43439 1 138 81414 309536 43439
541415 261249 89185 1 495 541415 261249 89185
0 27090 3010 1 377 0 27090 3010
0 135315 15035 1 272 0 135315 15035
413760 274649 76490 1 315 413760 274649 76490
401422 275944 75263 1 29 401422 275944 75263
0 203697 22633 1 112 0 203697 22633
209592 296081 56186 1 189 209592 296081 56186
0 311274 34586 1 520 0 311274 34586
0 64179 7131 1 602 0 64179 7131
26541 315296 37982 1 340 26541 315296 37982
-1
19 80
244031 214230 50918 1 135 244031 214230 50918
687279 167702 94998 1 282 687279 167702 94998
186915 220226 45238 1 121 186915 220226 45238
119020 227353 38486 1 343 119020 227353 38486
579645 179000 84294 1 507 579645 179000 84294
227952 215918 49319 1 503 227952 215918 49319
79662 231485 34572 1 208 79662 231485 34572
162520 222787 42812 1 233 162520 222787 42812
455982 191982 71996 1 184 455982 191982 71996
637474 172930 90045 1 627 637474 172930 90045
346416 203483 61100 1 129 346416 203483 61100
407232 197099 67148 1 388 407232 197099 67148
329855 205221 59453 1 622 329855 205221 59453
130272 226172 39605 1 191 130272 226172 39605
207790 218035 47314 1 400 207790 218035 47314
374069 200580 63850 1 390 374069 200580 63850
0 142497 15833 1 297 0 142497 15833
0 37836 4204 1 569 0 37836 4204
111287 228165 37717 1 385 111287 228165 37717
589067 178011 85231 1 326 589067 178011 85231
424266 195311 68842 1 418 424266 195311 68842
0 17784 1976 1 197 0 17784 1976
281749 210271 54669 1 331 281749 210271 54669
120870 227159 38670 1 330 120870 227159 38670
178569 221102 44408 1 89 178569 221102 44408
193964 219486 45939 1 592 193964 219486 45939
0 109035 12115 1 52 0 109035 12115
610163 175797 87329 1 18 610163 175797 87329
41270 235515 30754 1 363 41270 235515 30754
20013 237746 28640 1 278 20013 237746 28640
547216 182404 81069 1 584 547216 182404 81069
128532 226355 39432 1 563 128532 226355 39432
512192 186081 77586 1 572 512192 186081 77586
640682 172593 90364 1 36 640682 172593 90364
164662 222562 43025 1 143 164662 222562 43025
0 199404 22156 1 85 0 199404 22156
0 62532 6948 1 266 0 62532 6948
399349 197926 66364 1 119 399349 197926 66364
0 138978 15442 1 57 0 138978 15442
0 86292 9588 1 528 0 86292 9588
0 206793 22977 1 58 0 206793 22977
374652 200519 63908 1 262 374652 200519 63908
0 101682 11298 1 577 0 101682 11298
412753 196519 67697 1 386 412753 196519 67697
274499 211032 53948 1 541 274499 211032 53948
0 60165 6685 1 499 0 60165 6685
0 77598 8622 1 82 0 77598 8622
0 49887 5543 1 128 0 49887 5543
83785 231052 34982 1 479 83785 231052 34982
0 60858 6762 1 664 0 60858 6762
185930 220329 45140 1 494 185930 220329 45140
0 78426 8714 1 261 0 78426 8714
52784 234306 31899 1 217 52784 234306 31899
113037 227981 37891 1 451 113037 227981 37891
494766 187910 75853 1 423 494766 187910 75853
619927 174772 88300 1 176 619927 174772 88300
0 175473 19497 1 509 0 175473 19497
408901 196924 67314 1 116 408901 196924 67314
0 46602 5178 1 547 0 46602 5178
53719 234208 31992 1 615 53719 234208 31992
39802 235669 30608 1 500 39802 235669 30608
430189 194689 69431 1 398 430189 194689 69431
409052 196908 67329 1 1 409052 196908 67329
713152 164986 97571 1 318 713152 164986 97571
117773 227484 38362 1 567 117773 227484 38362
241356 214511 50652 1 303 241356 214511 50652
170776 221920 43633 1 409 170776 221920 43633
0 59022 6558 1 635 0 59022 6558
215543 217221 48085 1 431 215543 217221 48085
222280 216514 48755 1 26 222280 216514 48755
431376 194564 69549 1 506 431376 194564 69549
0 22203 2467 1 232 0 22203 2467
454564 192130 71855 1 472 454564 192130 71855
7242 239087 27370 1 392 7242 239087 27370
135109 225664 40086 1 241 135109 225664 40086
28872 236816 29521 1 15 28872 236816 29521
473327 190161 73721 1 487 473327 190161 73721
0 185598 20622 1 420 0 185598 20622
0 44757 4973 1 151 0 44757 4973
530232 184187 79380 1 160 530232 184187 79380
-1
20 62
0 120888 13432 1 320 0 120888 13432
145293 481826 69680 1 504 145293 481826 69680
0 242208 26912 1 325 0 242208 26912
105312 486023 65704 1 225 105312 486023 65704
147505 481594 69900 1 583 147505 481594 69900
133588 483055 68516 1 171 133588 483055 68516
0 293931 32659 1 230 0 293931 32659
277976 467898 82875 1 430 277976 467898 82875
0 121356 13484 1 435 0 121356 13484
0 122535 13615 1 172 0 122535 13615
0 439965 48885 1 537 0 439965 48885
0 413568 45952 1 115 0 413568 45952
50177 491811 60221 1 277 50177 491811 60221
183655 477799 73495 1 139 183655 477799 73495
0 201177 22353 1 445 0 201177 22353
0 255636 28404 1 173 0 255636 28404
332246 462201 88272 1 462 332246 462201 88272
0 124452 13828 1 652 0 124452 13828
61641 490607 61361 1 485 61641 490607 61361
45813 492269 59787 1 374 45813 492269 59787
0 347031 38559 1 296 0 347031 38559
352829 460041 90319 1 600 352829 460041 90319
83139 488351 63499 1 159 83139 488351 63499
222389 473733 77347 1 618 222389 473733 77347
0 327744 36416 1 155 0 327744 36416
299485 465640 85014 1 559 299485 465640 85014
0 465984 51776 1 606 0 465984 51776
319153 463576 86970 1 590 319153 463576 86970
11011 495922 56326 1 72 11011 495922 56326
0 254907 28323 1 378 0 254907 28323
101913 486380 65366 1 187 101913 486380 65366
0 469215 52135 1 306 0 469215 52135
0 158724 17636 1 484 0 158724 17636
0 478710 53190 1 183 0 478710 53190
424395 452528 97436 1 601 424395 452528 97436
143825 481980 69534 1 460 143825 481980 69534
24847 494470 57702 1 521 24847 494470 57702
0 393462 43718 1 280 0 393462 43718
277785 467918 82856 1 456 277785 467918 82856
0 95904 10656 1 625 0 95904 10656
0 225981 25109 1 221 0 225981 25109
0 482580 53620 1 586 0 482580 53620
228171 473126 77922 1 642 228171 473126 77922
229307 473007 78035 1 95 229307 473007 78035
0 265995 29555 1 467 0 265995 29555
0 155403 17267 1 369 0 155403 17267
99942 486587 65170 1 79 99942 486587 65170
143111 482055 69463 1 394 143111 482055 69463
185264 477630 73655 1 519 185264 477630 73655
404042 454665 95412 1 643 404042 454665 95412
93396 487274 64519 1 379 93396 487274 64519
92612 487356 64441 1 544 92612 487356 64441
0 4662 518 1 439 0 4662 518
0 244422 27158 1 362 0 244422 27158
0 210582 23398 1 319 0 210582 23398
103080 486257 65482 1 501 103080 486257 65482
364202 458847 91450 1 608 364202 458847 91450
0 458595 50955 1 269 0 458595 50955
0 335133 37237 1 102 0 335133 37237
0 383211 42579 1 440 0 383211 42579
0 202347 22483 1 103 0 202347 22483
0 279180 31020 1 74 0 279180 31020
-1
21 0
-1
22 20
58189 384322 49168 1 375 58189 384322 49168
0 99171 11019 1 497 0 99171 11019
353219 353352 78508 1 279 353219 353352 78508
521046 335735 95198 1 396 521046 335735 95198
0 87435 9715 1 237 0 87435 9715
549835 332713 98061 1 429 549835 332713 98061
0 159075 17675 1 632 0 159075 17675
112368 378635 54556 1 245 112368 378635 54556
0 170217 18913 1 414 0 170217 18913
0 85950 9550 1 70 0 85950 9550
155627 374094 58858 1 83 155627 374094 58858
0 367182 40798 1 259 0 367182 40798
0 320814 35646 1 275 0 320814 35646
552822 332399 98358 1 210 552822 332399 98358
0 224586 24954 1 122 0 224586 24954
165954 373010 59885 1 257 165954 373010 59885
59949 384137 49343 1 211 59949 384137 49343
275560 361504 70785 1 188 275560 361504 70785
0 197865 21985 1 616 0 197865 21985
0 35145 3905 1 470 0 35145 3905
-1
23 0
-1
24 0
-1
25 1
161178 103034 29357 1 614 161178 103034 29357
-1
26 0
-1
27 0
-1
28 0
-1
29 0
-1
30 9
0 102258 11362 1 620 0 102258 11362
0 230886 25654 1 529 0 230886 25654
0 155601 17289 1 222 0 155601 17289
0 351171 39019 1 75 0 351171 39019
0 131463 14607 1 433 0 131463 14607
0 246096 27344 1 553 0 246096 27344
501015 335381 92933 1 220 501015 335381 92933
312111 355211 74147 1 31 312111 355211 74147
0 179181 19909 1 657 0 179181 19909
-1
31 0
-1
32 32
0 163053 18117 1 199 0 163053 18117
0 328815 36535 1 444 0 328815 36535
0 256086 28454 1 56 0 256086 28454
177966 343655 57958 1 533 177966 343655 57958
0 3762 418 1 93 0 3762 418
0 264222 29358 1 611 0 264222 29358
79814 353958 48197 1 416 79814 353958 48197
0 52596 5844 1 255 0 52596 5844
0 89208 9912 1 596 0 89208 9912
116255 350133 51821 1 114 116255 350133 51821
0 289521 32169 1 163 0 289521 32169
315677 329199 71653 1 304 315677 329199 71653
539705 305682 93932 1 265 539705 305682 93932
223015 338926 62438 1 150 223015 338926 62438
324335 328290 72514 1 41 324335 328290 72514
0 55899 6211 1 525 0 55899 6211
43 362332 40264 1 380 43 362332 40264
551993 304393 95154 1 92 551993 304393 95154
535019 306174 93466 1 607 535019 306174 93466
68773 355117 47099 1 573 68773 355117 47099
0 321660 35740 1 526 0 321660 35740
0 26289 2921 1 40 0 26289 2921
117824 349968 51977 1 30 117824 349968 51977
191782 342205 59332 1 645 191782 342205 59332
0 206154 22906 1 434 0 206154 22906
374059 323071 77459 1 110 374059 323071 77459
107245 351079 50925 1 33 107245 351079 50925
105918 351218 50793 1 271 105918 351218 50793
0 10260 1140 1 192 0 10260 1140
41673 357962 44404 1 59 41673 357962 44404
497562 310106 89741 1 86 497562 310106 89741
162440 345285 56414 1 105 162440 345285 56414
-1
33 49
533955 338477 96937 1 243 533955 338477 96937
22137 392204 46038 1 531 22137 392204 46038
451117 347173 88699 1 493 451117 347173 88699
0 176742 19638 1 565 0 176742 19638
149350 378850 58689 1 476 149350 378850 58689
373951 355273 81025 1 334 373951 355273 81025
0 203868 22652 1 38 0 203868 22652
345443 358266 78190 1 226 345443 358266 78190
0 342693 38077 1 578 0 342693 38077
148485 378941 58603 1 335 148485 378941 58603
0 21798 2422 1 662 0 21798 2422
43716 389939 48184 1 442 43716 389939 48184
245712 368735 68272 1 483 245712 368735 68272
0 381816 42424 1 399 0 381816 42424
0 328689 36521 1 488 0 328689 36521
160049 377727 59753 1 524 160049 377727 59753
0 336411 37379 1 193 0 336411 37379
344468 358368 78093 1 454 344468 358368 78093
528977 339000 96442 1 292 528977 339000 96442
0 107676 11964 1 267 0 107676 11964
0 83736 9304 1 20 0 83736 9304
467769 345425 90355 1 511 467769 345425 90355
408582 351638 84469 1 651 408582 351638 84469
394193 353148 83038 1 498 394193 353148 83038
55230 388730 49329 1 631 55230 388730 49329
461072 346128 89689 1 80 461072 346128 89689
521466 339788 95695 1 464 521466 339788 95695
0 40194 4466 1 449 0 40194 4466
225601 370846 66272 1 288 225601 370846 66272
0 77580 8620 1 218 0 77580 8620
0 179973 19997 1 548 0 179973 19997
0 107703 11967 1 100 0 107703 11967
77563 386386 51550 1 19 77563 386386 51550
534156 338456 96957 1 510 534156 338456 96957
487659 343337 92333 1 405 487659 343337 92333
0 371970 41330 1 273 0 371970 41330
0 13464 1496 1 576 0 13464 1496
0 93789 10421 1 290 0 93789 10421
0 101322 11258 1 404 0 101322 11258
555655 336199 99095 1 348 555655 336199 99095
215234 371934 65241 1 624 215234 371934 65241
190145 374568 62746 1 198 190145 374568 62746
0 173511 19279 1 360 0 173511 19279
0 40212 4468 1 169 0 40212 4468
427597 349642 86360 1 413 427597 349642 86360
536579 338202 97198 1 402 536579 338202 97198
0 365436 40604 1 515 0 365436 40604
487569 343346 92324 1 637 487569 343346 92324
523769 339546 95924 1 352 523769 339546 95924
-1
