1 12
0 18 2 1 3 0 18 2
0 25 0 1 1 0 25 0
0 25 0 1 1 0 25 0
0 25 0 1 1 0 25 0
0 25 0 1 1 0 25 0
0 25 0 1 1 0 25 0
0 25 0 1 1 0 25 0
0 25 0 1 1 0 25 0
0 25 0 1 2 0 25 0
0 25 0 1 2 0 25 0
0 25 0 1 2 0 25 0
0 25 0 1 2 0 15 0
-1
2 14
0 30 0 1 4 0 30 0
0 30 0 1 4 0 30 0
0 30 0 1 4 0 30 0
0 30 0 1 4 0 30 0
0 30 0 1 4 0 30 0
0 30 0 1 4 0 30 0
0 30 0 1 4 0 30 0
0 30 0 1 4 0 30 0
0 30 0 1 4 0 30 0
0 30 0 1 4 0 30 0
0 30 0 1 4 0 30 0
0 30 0 1 4 0 30 0
0 30 0 1 4 0 30 0
0 30 0 1 4 0 30 0
-1
3 0
-1
4 3
0 25 0 1 5 0 25 0
0 25 0 1 5 0 25 0
0 25 0 1 5 0 25 0
-1
