1 13
0 25 0 1 1 0 25 0
0 25 0 1 1 0 25 0
0 25 0 1 1 0 25 0
0 25 0 1 1 0 25 0
0 25 0 1 1 0 25 0
0 25 0 1 1 0 25 0
0 25 0 1 1 0 25 0
0 25 0 1 4 0 25 0
0 25 0 1 4 0 25 0
0 25 0 1 4 0 25 0
0 25 0 1 4 0 25 0
0 25 0 1 4 0 25 0
0 25 0 1 4 0 25 0
-1
2 8
0 30 0 1 5 0 30 0
0 30 0 1 5 0 30 0
0 30 0 1 5 0 30 0
0 30 0 1 5 0 30 0
0 30 0 1 5 0 30 0
0 30 0 1 5 0 30 0
0 30 0 1 5 0 30 0
0 30 0 1 5 0 30 0
-1
3 7
0 35 0 1 5 0 35 0
0 35 0 1 5 0 35 0
0 35 0 1 5 0 35 0
0 35 0 1 5 0 35 0
0 35 0 1 5 0 35 0
0 35 0 1 5 0 35 0
0 18 2 1 3 0 18 2
-1
4 10
0 25 0 1 4 0 25 0
0 25 0 1 4 0 25 0
0 25 0 1 4 0 25 0
0 25 0 1 4 0 25 0
0 25 0 1 2 0 25 0
0 25 0 1 2 0 25 0
0 25 0 1 2 0 25 0
0 20 10 1 4 0 20 10
0 15 10 1 2 0 15 10
0 5 20 1 1 0 5 20
-1
