1 1
0 1 3401 1 125 0 1 3401
-1
2 7
16158 0 0 1 201 16158 0 0
16158 0 0 1 443 16158 0 0
16158 0 0 1 443 16158 0 0
16158 0 0 1 1040 16158 0 0
16158 0 0 1 634 16158 0 0
6011 1014 0 1 201 6011 1014 0
4277 1188 0 1 443 4277 1188 0
-1
3 0
-1
4 7
15255 0 0 1 336 15255 0 0
15255 0 0 1 336 15255 0 0
15255 0 0 1 180 15255 0 0
13689 0 3132 1 336 13689 0 3132
13354 190 0 1 748 13354 190 0
9794 546 0 1 180 9794 546 0
1434 1382 0 1 815 1434 1382 0
-1
5 0
-1
6 1
0 1548 172 1 373 0 1548 172
-1
7 0
-1
8 5
13816 0 0 1 309 13816 0 0
13816 0 0 1 309 13816 0 0
11149 0 4309 1 309 11149 0 4309
5434 838 0 1 752 5434 838 0
0 1125 125 1 409 0 1125 125
-1
9 8
13234 0 0 1 1166 13234 0 0
13234 0 0 1 1166 13234 0 0
13234 0 0 1 264 13234 0 0
13234 0 0 1 264 13234 0 0
4370 886 0 1 1166 4370 886 0
780 1245 0 1 264 780 1245 0
0 1 3525 1 1166 0 1 3525
0 1 3166 1 264 0 1 3166
-1
10 3
15095 0 0 1 482 15095 0 0
7192 790 0 1 890 7192 790 0
6000 909 0 1 482 6000 909 0
-1
11 3
15066 0 0 1 842 15066 0 0
15066 0 0 1 842 15066 0 0
535 1453 0 1 842 535 1453 0
-1
12 6
17262 0 0 1 955 17262 0 0
17262 0 0 1 854 17262 0 0
17262 0 0 1 1 17262 0 0
16605 0 1314 1 854 16605 0 1314
9751 751 0 1 955 9751 751 0
9251 801 0 1 1 9251 801 0
-1
13 0
-1
14 5
14807 0 0 1 755 14807 0 0
8521 628 0 1 1040 8521 628 0
8411 639 0 1 634 8411 639 0
4284 1052 0 1 860 4284 1052 0
2562 1224 0 1 755 2562 1224 0
-1
15 0
-1
16 2
0 321 1783 1 337 0 321 1783
0 0 981 1 127 0 0 981
-1
17 3
0 1 4198 1 443 0 1 4198
0 1 2576 1 201 0 1 2576
0 1 2812 1 1040 0 1 2812
-1
18 10
10820 0 0 1 451 10820 0 0
10820 0 0 1 451 10820 0 0
10820 0 0 1 451 10820 0 0
10820 0 0 1 451 10820 0 0
10820 0 0 1 980 10820 0 0
10820 0 0 1 980 10820 0 0
10820 0 0 1 980 10820 0 0
10820 0 0 1 440 10820 0 0
7597 322 0 1 1034 7597 322 0
6665 415 0 1 440 6665 415 0
-1
19 8
18920 0 0 1 408 18920 0 0
18920 0 0 1 1120 18920 0 0
18920 0 0 1 94 18920 0 0
16828 0 3972 1 94 16828 0 3972
16603 0 3947 1 408 16603 0 3947
5705 1321 0 1 1120 5705 1321 0
3017 1590 0 1 1138 3017 1590 0
0 1 2883 1 1120 0 1 2883
-1
20 6
17249 0 0 1 628 17249 0 0
17249 0 0 1 125 17249 0 0
16308 0 1812 1 97 16308 0 1812
15912 0 1768 1 379 15912 0 1768
12927 432 0 1 125 12927 432 0
11007 624 0 1 628 11007 624 0
-1
21 2
5700 483 0 1 1104 5700 483 0
2720 781 0 1 1068 2720 781 0
-1
22 9
9108 0 0 1 204 9108 0 0
9108 0 0 1 950 9108 0 0
9108 0 0 1 950 9108 0 0
9108 0 0 1 950 9108 0 0
7200 0 3816 1 950 7200 0 3816
4627 448 0 1 116 4627 448 0
3907 520 0 1 1197 3907 520 0
2987 612 0 1 403 2987 612 0
0 342 1050 1 204 0 342 1050
-1
23 10
12475 0 0 1 608 12475 0 0
12475 0 0 1 608 12475 0 0
12475 0 0 1 510 12475 0 0
12475 0 0 1 59 12475 0 0
12475 0 0 1 59 12475 0 0
12078 0 794 1 505 12078 0 794
7953 452 0 1 676 7953 452 0
8261 421 0 1 59 8261 421 0
6633 584 0 1 1001 6633 584 0
4313 816 0 1 1118 4313 816 0
-1
24 0
-1
25 0
-1
26 8
13183 0 0 1 1045 13183 0 0
13061 0 244 1 1045 13061 0 244
13183 0 0 1 195 13183 0 0
12377 0 1612 1 195 12377 0 1612
6675 650 0 1 994 6675 650 0
75 1310 0 1 438 75 1310 0
0 1125 125 1 319 0 1125 125
0 0 2672 1 1045 0 0 2672
-1
27 0
-1
28 9
12306 0 0 1 823 12306 0 0
12306 0 0 1 296 12306 0 0
12306 0 0 1 296 12306 0 0
12306 0 0 1 296 12306 0 0
12306 0 0 1 255 12306 0 0
7419 488 0 1 255 7419 488 0
5692 661 0 1 296 5692 661 0
2932 937 0 1 428 2932 937 0
499 1180 0 1 823 499 1180 0
-1
29 8
15726 0 0 1 337 15726 0 0
15726 0 0 1 660 15726 0 0
15726 0 0 1 660 15726 0 0
15363 0 726 1 127 15363 0 726
15726 0 0 1 1148 15726 0 0
13542 0 3252 1 1148 13542 0 3252
12216 0 4852 1 660 12216 0 4852
5142 1058 0 1 531 5142 1058 0
-1
30 1
0 1 3650 1 359 0 1 3650
-1
31 0
-1
32 0
-1
33 11
15290 0 0 1 359 15290 0 0
15290 0 0 1 359 15290 0 0
15290 0 0 1 1105 15290 0 0
15290 0 0 1 1068 15290 0 0
15290 0 0 1 1104 15290 0 0
15290 0 0 1 497 15290 0 0
15290 0 0 1 497 15290 0 0
15290 0 0 1 932 15290 0 0
13474 0 3196 1 1105 13474 0 3196
7761 752 0 1 44 7761 752 0
823 1446 0 1 359 823 1446 0
-1
34 1
9698 750 0 1 616 9698 750 0
-1
35 3
13853 0 0 1 562 13853 0 0
13853 0 0 1 562 13853 0 0
0 590 3144 1 562 0 590 3144
-1
36 4
13571 0 0 1 528 13571 0 0
13571 0 0 1 528 13571 0 0
11452 211 0 1 893 11452 211 0
3564 1000 0 1 528 3564 1000 0
-1
37 2
16813 0 0 1 778 16813 0 0
2220 1459 0 1 778 2220 1459 0
-1
38 0
-1
39 0
-1
40 1
6002 756 0 1 633 6002 756 0
-1
