1 18
0 198540 22060 1 244 0 198540 22060
0 163053 18117 1 199 0 163053 18117
0 151650 16850 1 496 0 151650 16850
0 128034 14226 1 564 0 128034 14226
0 128043 14227 1 638 0 128043 14227
0 112545 12505 1 206 0 112545 12505
0 14904 1656 1 513 0 14904 1656
0 1 99993 1 309 0 1 99993
0 1 96408 1 54 0 1 96408
0 1 93104 1 568 0 1 93104
0 1 96251 1 463 0 1 96251
0 1 96093 1 458 0 1 96093
0 0 80678 1 295 0 0 80678
0 0 77980 1 558 0 0 77980
0 1 77996 1 412 0 1 77996
0 1 57958 1 533 0 1 57958
0 1 57777 1 111 0 1 57777
0 1 44385 1 251 0 1 44385
-1
2 2
0 45441 5049 1 94 0 45441 5049
0 16884 1876 1 7 0 16884 1876
-1
3 0
-1
4 117
448161 439373 0 1 617 448161 439373 0
445421 439647 0 1 157 445421 439647 0
419841 442205 0 1 471 419841 442205 0
408501 443339 0 1 78 408501 443339 0
394761 444713 0 1 512 394761 444713 0
391321 445057 0 1 626 391321 445057 0
385251 445664 0 1 637 385251 445664 0
358901 448299 0 1 80 358901 448299 0
337571 450432 0 1 228 337571 450432 0
337461 450443 0 1 16 337461 450443 0
333731 450816 0 1 242 333731 450816 0
324521 451737 0 1 628 324521 451737 0
286261 455563 0 1 333 286261 455563 0
249721 459217 0 1 327 249721 459217 0
248891 459300 0 1 28 248891 459300 0
243621 459827 0 1 24 243621 459827 0
239911 460198 0 1 170 239911 460198 0
185131 465676 0 1 132 185131 465676 0
179631 466226 0 1 605 179631 466226 0
124731 471716 0 1 288 124731 471716 0
103371 473852 0 1 556 103371 473852 0
102241 473965 0 1 339 102241 473965 0
98121 474377 0 1 421 98121 474377 0
86811 475508 0 1 634 86811 475508 0
48901 479299 0 1 476 48901 479299 0
39901 480199 0 1 289 39901 480199 0
39441 480245 0 1 9 39441 480245 0
0 481509 53620 1 586 0 481509 53620
0 478980 53220 1 77 0 478980 53220
0 478710 53190 1 183 0 478710 53190
0 478071 53119 1 441 0 478071 53119
0 470169 52241 1 562 0 470169 52241
0 469962 52218 1 338 0 469962 52218
0 465984 51776 1 606 0 465984 51776
0 458595 50955 1 269 0 458595 50955
0 453969 50441 1 178 0 453969 50441
0 443214 49246 1 646 0 443214 49246
0 442341 49149 1 566 0 442341 49149
0 428706 47634 1 55 0 428706 47634
0 422082 46898 1 215 0 422082 46898
0 421650 46850 1 264 0 421650 46850
0 414342 46038 1 531 0 414342 46038
0 413568 45952 1 115 0 413568 45952
0 411345 45705 1 580 0 411345 45705
0 409932 45548 1 371 0 409932 45548
0 393462 43718 1 280 0 393462 43718
0 391464 43496 1 505 0 391464 43496
0 383211 42579 1 440 0 383211 42579
0 347031 38559 1 296 0 347031 38559
0 340173 37797 1 308 0 340173 37797
0 333594 37066 1 142 0 333594 37066
0 307881 34209 1 609 0 307881 34209
0 304380 33820 1 482 0 304380 33820
0 297405 33045 1 156 0 297405 33045
0 293931 32659 1 230 0 293931 32659
0 277119 30791 1 649 0 277119 30791
0 265995 29555 1 467 0 265995 29555
0 260631 28959 1 437 0 260631 28959
0 249948 27772 1 661 0 249948 27772
0 201177 22353 1 445 0 201177 22353
0 195957 21773 1 523 0 195957 21773
0 186669 20741 1 353 0 186669 20741
0 156483 17387 1 347 0 156483 17387
0 146727 16303 1 647 0 146727 16303
0 141273 15697 1 457 0 141273 15697
0 125892 13988 1 35 0 125892 13988
0 122535 13615 1 172 0 122535 13615
0 95904 10656 1 625 0 95904 10656
0 65187 7243 1 447 0 65187 7243
0 60930 6770 1 240 0 60930 6770
0 59958 6662 1 658 0 59958 6662
0 50922 5658 1 417 0 50922 5658
0 46593 5177 1 534 0 46593 5177
0 21636 2404 1 571 0 21636 2404
0 19773 2197 1 475 0 19773 2197
0 1 99725 1 302 0 1 99725
0 1 98341 1 157 0 1 98341
0 1 99108 1 63 0 1 99108
0 1 98615 1 617 0 1 98615
0 1 97436 1 601 0 1 97436
0 1 95412 1 643 0 1 95412
0 1 94398 1 201 0 1 94398
0 1 94649 1 78 0 1 94649
0 1 95783 1 471 0 1 95783
0 1 93275 1 512 0 1 93275
0 1 90319 1 600 0 1 90319
0 1 88272 1 462 0 1 88272
0 1 87172 1 242 0 1 87172
0 1 87556 1 228 0 1 87556
0 1 87545 1 16 0 1 87545
0 1 86251 1 628 0 1 86251
0 1 82875 1 430 0 1 82875
0 1 82425 1 333 0 1 82425
0 1 77922 1 642 0 1 77922
0 1 77347 1 618 0 1 77347
0 1 77790 1 170 0 1 77790
0 1 78771 1 327 0 1 78771
0 1 72847 1 23 0 1 72847
0 1 73495 1 139 0 1 73495
0 1 74588 1 224 0 1 74588
0 1 71762 1 605 0 1 71762
0 1 72882 1 212 0 1 72882
0 1 72097 1 25 0 1 72097
0 1 72312 1 132 0 1 72312
0 1 69680 1 504 0 1 69680
0 1 65704 1 225 0 1 65704
0 1 68505 1 585 0 1 68505
0 1 63499 1 159 0 1 63499
0 1 64023 1 339 0 1 64023
0 1 63611 1 421 0 1 63611
0 1 61361 1 485 0 1 61361
0 1 62480 1 634 0 1 62480
0 1 59787 1 374 0 1 59787
0 1 57702 1 521 0 1 57702
0 1 57789 1 289 0 1 57789
0 1 56450 1 186 0 1 56450
0 1 57743 1 9 0 1 57743
-1
5 60
0 345474 38386 1 438 0 345474 38386
0 335133 37237 1 102 0 335133 37237
0 315585 35065 1 286 0 315585 35065
0 313893 34877 1 64 0 313893 34877
0 311706 34634 1 14 0 311706 34634
0 303381 33709 1 246 0 303381 33709
0 279180 31020 1 74 0 279180 31020
0 264213 29357 1 614 0 264213 29357
0 260388 28932 1 540 0 260388 28932
0 255636 28404 1 173 0 255636 28404
0 254907 28323 1 378 0 254907 28323
0 246258 27362 1 407 0 246258 27362
0 244422 27158 1 362 0 244422 27158
0 242208 26912 1 325 0 242208 26912
0 226665 25185 1 6 0 226665 25185
0 219996 24444 1 207 0 219996 24444
0 214857 23873 1 71 0 214857 23873
0 210582 23398 1 319 0 210582 23398
0 202347 22483 1 103 0 202347 22483
0 186021 20669 1 181 0 186021 20669
0 158724 17636 1 484 0 158724 17636
0 150354 16706 1 350 0 150354 16706
0 144099 16011 1 145 0 144099 16011
0 121356 13484 1 435 0 121356 13484
0 84528 9392 1 542 0 84528 9392
0 71388 7932 1 659 0 71388 7932
0 67581 7509 1 204 0 67581 7509
0 28197 3133 1 190 0 28197 3133
0 24138 2682 1 536 0 24138 2682
0 23472 2608 1 69 0 23472 2608
0 9063 1007 1 491 0 9063 1007
0 4662 518 1 439 0 4662 518
0 1 91450 1 608 0 1 91450
0 1 94302 1 575 0 1 94302
0 1 90557 1 165 0 1 90557
0 1 84456 1 161 0 1 84456
0 1 82276 1 131 0 1 82276
0 1 82856 1 456 0 1 82856
0 1 78035 1 95 0 1 78035
0 1 81490 1 17 0 1 81490
0 1 77452 1 468 0 1 77452
0 1 76686 1 598 0 1 76686
0 1 75295 1 383 0 1 75295
0 1 73655 1 519 0 1 73655
0 1 69900 1 583 0 1 69900
0 1 69463 1 394 0 1 69463
0 1 68516 1 171 0 1 68516
0 1 72904 1 44 0 1 72904
0 1 71932 1 106 0 1 71932
0 1 65482 1 501 0 1 65482
0 1 69730 1 490 0 1 69730
0 1 69354 1 387 0 1 69354
0 1 61340 1 473 0 1 61340
0 1 64996 1 372 0 1 64996
0 1 63665 1 316 0 1 63665
0 1 60221 1 277 0 1 60221
0 1 64441 1 544 0 1 64441
0 1 56326 1 72 0 1 56326
0 1 59538 1 591 0 1 59538
0 1 55657 1 235 0 1 55657
-1
6 15
454677 428132 0 1 588 454677 428132 0
347067 438893 0 1 18 347067 438893 0
326087 440991 0 1 326 326087 440991 0
0 458262 50918 1 135 0 458262 50918
0 443871 49319 1 503 0 443871 49319
0 416970 46330 1 448 0 416970 46330
0 413451 45939 1 592 0 413451 45939
0 399672 44408 1 89 0 399672 44408
0 374211 41579 1 324 0 374211 41579
0 356445 39605 1 191 0 356445 39605
0 348030 38670 1 330 0 348030 38670
0 339453 37717 1 385 0 339453 37717
0 311148 34572 1 208 0 311148 34572
0 276786 30754 1 363 0 276786 30754
0 257589 28621 1 560 0 257589 28621
-1
7 22
487120 384007 0 1 623 487120 384007 0
455380 387181 0 1 337 455380 387181 0
442730 388447 0 1 557 442730 388447 0
422840 390435 0 1 36 422840 390435 0
406620 392057 0 1 351 406620 392057 0
402200 392499 0 1 176 402200 392499 0
389560 393764 0 1 133 389560 393764 0
362140 396505 0 1 507 362140 396505 0
321480 400572 0 1 294 321480 400572 0
259820 406737 0 1 180 259820 406737 0
243690 408350 0 1 452 243690 408350 0
243180 408401 0 1 654 243180 408401 0
241670 408552 0 1 314 241670 408552 0
237750 408945 0 1 472 237750 408945 0
192340 413485 0 1 116 192340 413485 0
158280 416891 0 1 262 158280 416891 0
53950 427324 0 1 125 53950 427324 0
29300 429789 0 1 43 29300 429789 0
25880 430131 0 1 481 25880 430131 0
0 419562 46618 1 406 0 419562 46618
0 406260 45140 1 494 0 406260 45140
0 395352 43928 1 236 0 395352 43928
-1
8 0
-1
9 3
0 333207 37023 1 561 0 333207 37023
0 239778 26642 1 356 0 239778 26642
0 1 52988 1 345 0 1 52988
-1
10 0
-1
11 0
-1
12 25
0 97083 10787 1 428 0 97083 10787
0 77598 8622 1 82 0 77598 8622
0 44064 4896 1 252 0 44064 4896
0 43983 4887 1 384 0 43983 4887
0 22203 2467 1 232 0 22203 2467
0 1 93618 1 337 0 1 93618
0 0 92353 1 557 0 0 92353
0 1 93421 1 234 0 1 93421
0 0 87036 1 133 0 0 87036
0 1 88742 1 351 0 1 88742
0 0 80228 1 294 0 0 80228
0 0 71855 1 472 0 0 71855
0 1 72398 1 654 0 1 72398
0 1 74062 1 180 0 1 74062
0 1 72449 1 452 0 1 72449
0 1 72247 1 314 0 1 72247
0 1 75060 1 461 0 1 75060
0 0 75286 1 90 0 0 75286
0 1 69970 1 336 0 1 69970
0 1 65799 1 344 0 1 65799
0 1 59395 1 260 0 1 59395
0 1 61393 1 126 0 1 61393
0 1 53475 1 125 0 1 53475
0 1 50668 1 481 0 1 50668
0 1 51010 1 43 0 1 51010
-1
13 178
463726 432187 0 1 51 463726 432187 0
458616 432698 0 1 311 458616 432698 0
451846 433375 0 1 210 451846 433375 0
448876 433672 0 1 429 448876 433672 0
447406 433819 0 1 136 447406 433819 0
443976 434162 0 1 318 443976 434162 0
437096 434850 0 1 27 437096 434850 0
432686 435291 0 1 292 432686 435291 0
423866 436173 0 1 144 423866 436173 0
420246 436535 0 1 396 420246 436535 0
418246 436735 0 1 282 418246 436735 0
395736 438986 0 1 146 395736 438986 0
391596 439400 0 1 405 391596 439400 0
385316 440028 0 1 329 385316 440028 0
371816 441378 0 1 511 371816 441378 0
368716 441688 0 1 627 368716 441688 0
360116 442548 0 1 495 360116 442548 0
360126 442547 0 1 480 360126 442547 0
360256 442534 0 1 514 360256 442534 0
359436 442616 0 1 469 359436 442616 0
357006 442859 0 1 552 357006 442859 0
351596 443400 0 1 535 351596 443400 0
348046 443755 0 1 248 348046 443755 0
328096 445750 0 1 516 328096 445750 0
327766 445783 0 1 391 327766 445783 0
319176 446642 0 1 453 319176 446642 0
310946 447465 0 1 604 310946 447465 0
312956 447264 0 1 651 312956 447264 0
296086 448951 0 1 182 296086 448951 0
288956 449664 0 1 656 288956 449664 0
278516 450708 0 1 334 278516 450708 0
278956 450664 0 1 584 278956 450664 0
273086 451251 0 1 67 273086 451251 0
253236 453236 0 1 254 253236 453236 0
253346 453225 0 1 279 253346 453225 0
250576 453502 0 1 648 250576 453502 0
244126 454147 0 1 572 244126 454147 0
237916 454768 0 1 123 237916 454768 0
233166 455243 0 1 315 233166 455243 0
226796 455880 0 1 423 226796 455880 0
223846 456175 0 1 162 223846 456175 0
220896 456470 0 1 29 220896 456470 0
222646 456295 0 1 621 222646 456295 0
214656 457094 0 1 367 214656 457094 0
209736 457586 0 1 31 209736 457586 0
205066 458053 0 1 366 205066 458053 0
205476 458012 0 1 487 205476 458012 0
205146 458045 0 1 76 205146 458045 0
201746 458385 0 1 322 201746 458385 0
193566 459203 0 1 426 193566 459203 0
189746 459585 0 1 301 189746 459585 0
184656 460094 0 1 238 184656 460094 0
179386 460621 0 1 639 179386 460621 0
176116 460948 0 1 188 176116 460948 0
175696 460990 0 1 174 175696 460990 0
171636 461396 0 1 164 171636 461396 0
168246 461735 0 1 411 168246 461735 0
165546 462005 0 1 152 165546 462005 0
156686 462891 0 1 418 156686 462891 0
143896 464170 0 1 167 143896 464170 0
145236 464036 0 1 386 145236 464036 0
142536 464306 0 1 443 142536 464306 0
141556 464404 0 1 1 141556 464404 0
139746 464585 0 1 388 139746 464585 0
134116 465148 0 1 502 134116 465148 0
132586 465301 0 1 249 132586 465301 0
131906 465369 0 1 119 131906 465369 0
126866 465873 0 1 355 126866 465873 0
118246 466735 0 1 486 118246 466735 0
111336 467426 0 1 636 111336 467426 0
106766 467883 0 1 390 106766 467883 0
101536 468406 0 1 202 101536 468406 0
90566 469503 0 1 554 90566 469503 0
79266 470633 0 1 129 79266 470633 0
74846 471075 0 1 546 74846 471075 0
67116 471848 0 1 257 67116 471848 0
65796 471980 0 1 524 65796 471980 0
63646 472195 0 1 591 63646 472195 0
62026 472357 0 1 530 62026 472357 0
56846 472875 0 1 83 56846 472875 0
54296 473130 0 1 335 54296 473130 0
45256 474034 0 1 446 45256 474034 0
39496 474610 0 1 532 39496 474610 0
37076 474852 0 1 127 37076 474852 0
33866 475173 0 1 158 33866 475173 0
16556 476904 0 1 22 16556 476904 0
16286 476931 0 1 599 16286 476931 0
14956 477064 0 1 331 14956 477064 0
13826 477177 0 1 245 13826 477177 0
12346 477325 0 1 253 12346 477325 0
7746 477785 0 1 541 7746 477785 0
0 477639 18419 1 11 0 477639 18419
0 467415 51935 1 177 0 467415 51935
0 467316 51924 1 459 0 467316 51924
0 463950 51550 1 19 0 463950 51550
0 455868 50652 1 303 0 455868 50652
0 451665 50185 1 66 0 451665 50185
0 452133 50237 1 46 0 452133 50237
0 445851 49539 1 281 0 445851 49539
0 444087 49343 1 211 0 444087 49343
0 443961 49329 1 631 0 443961 49329
0 442512 49168 1 375 0 442512 49168
0 438795 48755 1 26 0 438795 48755
0 437670 48630 1 153 0 437670 48630
0 434502 48278 1 419 0 434502 48278
0 433656 48184 1 442 0 433656 48184
0 433404 48156 1 570 0 433404 48156
0 425826 47314 1 400 0 425826 47314
0 417123 46347 1 655 0 417123 46347
0 414072 46008 1 283 0 414072 46008
0 408798 45422 1 436 0 408798 45422
0 407079 45231 1 49 0 407079 45231
0 405657 45073 1 293 0 405657 45073
0 403965 44885 1 370 0 403965 44885
0 403209 44801 1 613 0 403209 44801
0 392697 43633 1 409 0 392697 43633
0 390951 43439 1 138 0 390951 43439
0 387225 43025 1 143 0 387225 43025
0 375525 41725 1 410 0 375525 41725
0 370134 41126 1 415 0 370134 41126
0 353565 39285 1 107 0 353565 39285
0 351171 39019 1 98 0 351171 39019
0 344934 38326 1 389 0 344934 38326
0 341838 37982 1 340 0 341838 37982
0 342072 38008 1 305 0 342072 38008
0 338652 37628 1 357 0 338652 37628
0 314838 34982 1 479 0 314838 34982
0 311274 34586 1 520 0 311274 34586
0 302571 33619 1 574 0 302571 33619
0 287928 31992 1 615 0 287928 31992
0 287091 31899 1 217 0 287091 31899
0 246096 27344 1 553 0 246096 27344
0 241587 26843 1 474 0 241587 26843
0 233775 25975 1 368 0 233775 25975
0 223911 24879 1 284 0 223911 24879
0 199143 22127 1 455 0 199143 22127
0 191142 21238 1 342 0 191142 21238
0 189657 21073 1 425 0 189657 21073
0 170046 18894 1 522 0 170046 18894
0 166851 18539 1 492 0 166851 18539
0 143559 15951 1 317 0 143559 15951
0 123696 13744 1 424 0 123696 13744
0 110151 12239 1 195 0 110151 12239
0 107019 11891 1 307 0 107019 11891
0 106362 11818 1 37 0 106362 11818
0 99495 11055 1 140 0 99495 11055
0 87534 9726 1 610 0 87534 9726
0 83394 9266 1 88 0 83394 9266
0 79542 8838 1 97 0 79542 8838
0 77058 8562 1 65 0 77058 8562
0 12609 1401 1 508 0 12609 1401
0 1 96883 1 27 0 1 96883
0 1 99035 1 311 0 1 99035
0 1 91705 1 329 0 1 91705
0 1 85091 1 453 0 1 85091
0 1 89117 1 469 0 1 89117
0 1 89186 1 480 0 1 89186
0 1 85983 1 516 0 1 85983
0 1 87978 1 248 0 1 87978
0 1 78231 1 648 0 1 78231
0 1 88874 1 552 0 1 88874
0 1 85950 1 391 0 1 85950
0 1 76965 1 123 0 1 76965
0 1 72148 1 301 0 1 72148
0 1 73680 1 366 0 1 73680
0 1 71112 1 639 0 1 71112
0 1 70743 1 174 0 1 70743
0 1 63327 1 202 0 1 63327
0 1 67563 1 167 0 1 67563
0 1 67427 1 443 0 1 67427
0 1 66432 1 249 0 1 66432
0 1 64998 1 486 0 1 64998
0 1 59376 1 530 0 1 59376
0 1 56881 1 127 0 1 56881
0 1 56560 1 158 0 1 56560
0 1 54802 1 599 0 1 54802
0 1 57123 1 532 0 1 57123
0 0 34652 1 11 0 0 34652
-1
14 0
-1
15 24
0 59526 6614 1 432 0 59526 6614
0 31842 3538 1 422 0 31842 3538
0 19998 2222 1 223 0 19998 2222
0 19971 2219 1 141 0 19971 2219
0 1 95572 1 300 0 1 95572
0 1 97574 1 250 0 1 97574
0 1 92933 1 220 0 1 92933
0 1 90491 1 120 0 1 90491
0 1 91366 1 397 0 1 91366
0 0 85980 1 477 0 0 85980
0 0 83963 1 185 0 0 83963
0 1 82745 1 539 0 1 82745
0 1 80226 1 518 0 1 80226
0 1 76224 1 200 0 1 76224
0 1 76145 1 465 0 1 76145
0 1 72568 1 84 0 1 72568
0 1 74020 1 61 0 1 74020
0 0 66726 1 73 0 0 66726
0 0 58701 1 47 0 0 58701
0 1 60250 1 219 0 1 60250
0 1 57849 1 581 0 1 57849
0 0 55026 1 660 0 0 55026
0 1 54364 1 538 0 1 54364
0 1 49194 1 365 0 1 49194
-1
16 103
511630 388306 0 1 309 511630 388306 0
503000 389170 0 1 285 503000 389170 0
502650 389204 0 1 348 502650 389204 0
487440 390725 0 1 250 487440 390725 0
483680 391101 0 1 402 483680 391101 0
470940 392375 0 1 352 470940 392375 0
467420 392727 0 1 300 467420 392727 0
463240 393145 0 1 92 463240 393145 0
451020 394368 0 1 265 451020 394368 0
446360 394833 0 1 607 446360 394833 0
441030 395366 0 1 220 441030 395366 0
442740 395195 0 1 568 442740 395195 0
428600 396609 0 1 32 428600 396609 0
425360 396933 0 1 397 425360 396933 0
416610 397808 0 1 120 416610 397808 0
406480 398822 0 1 653 406480 398822 0
395040 399966 0 1 60 395040 399966 0
373360 402133 0 1 650 373360 402133 0
371500 402320 0 1 477 371500 402320 0
351330 404337 0 1 185 351330 404337 0
339150 405554 0 1 539 339150 405554 0
326140 406855 0 1 214 326140 406855 0
318480 407622 0 1 295 318480 407622 0
313960 408073 0 1 518 313960 408073 0
310800 408389 0 1 630 310800 408389 0
308150 408654 0 1 640 308150 408654 0
302970 409172 0 1 130 302970 409172 0
298480 409622 0 1 555 298480 409622 0
293600 410109 0 1 226 293600 410109 0
291500 410320 0 1 558 291500 410320 0
290170 410452 0 1 2 290170 410452 0
289980 410472 0 1 231 289980 410472 0
283180 411151 0 1 359 283180 411151 0
281360 411333 0 1 270 281360 411333 0
273940 412075 0 1 200 273940 412075 0
273150 412154 0 1 465 273150 412154 0
264560 413014 0 1 90 264560 413014 0
262300 413239 0 1 461 262300 413239 0
251900 414279 0 1 61 251900 414279 0
244220 415047 0 1 68 244220 415047 0
237380 415731 0 1 84 237380 415731 0
236840 415785 0 1 41 236840 415785 0
231660 416303 0 1 184 231660 416303 0
228230 416647 0 1 304 228230 416647 0
211400 418329 0 1 336 211400 418329 0
210480 418422 0 1 81 210480 418422 0
206900 418779 0 1 149 206900 418779 0
207190 418750 0 1 506 207190 418750 0
206010 418868 0 1 398 206010 418868 0
201970 419272 0 1 595 201970 419272 0
184460 421024 0 1 118 184460 421024 0
178960 421574 0 1 73 178960 421574 0
175910 421878 0 1 376 175910 421878 0
170570 422412 0 1 34 170570 422412 0
169690 422500 0 1 344 169690 422500 0
139160 425553 0 1 198 139160 425553 0
136080 425861 0 1 150 136080 425861 0
125630 426906 0 1 126 125630 426906 0
114200 428049 0 1 219 114200 428049 0
113130 428156 0 1 21 113130 428156 0
106230 428847 0 1 622 106230 428847 0
98710 429599 0 1 47 98710 429599 0
90190 430450 0 1 581 90190 430450 0
92040 430266 0 1 247 92040 430266 0
76520 431818 0 1 354 76520 431818 0
69680 432501 0 1 227 69680 432501 0
61960 433274 0 1 660 61960 433274 0
55340 433935 0 1 538 55340 433935 0
41580 435311 0 1 345 41580 435311 0
42340 435235 0 1 358 42340 435235 0
31470 436322 0 1 30 31470 436322 0
29910 436478 0 1 114 29910 436478 0
10280 438441 0 1 213 10280 438441 0
3640 439105 0 1 365 3640 439105 0
0 438318 23039 1 62 0 438318 23039
0 433773 48197 1 416 0 433773 48197
0 432765 48085 1 431 0 432765 48085
0 429390 47710 1 382 0 429390 47710
0 425187 47243 1 450 0 425187 47243
0 423891 47099 1 573 0 423891 47099
0 422550 46950 1 579 0 422550 46950
0 415368 46152 1 134 0 415368 46152
0 412974 45886 1 587 0 412974 45886
0 407142 45238 1 121 0 407142 45238
0 403164 44796 1 663 0 403164 44796
0 402948 44772 1 45 0 402948 44772
0 385641 42849 1 117 0 385641 42849
0 383895 42655 1 216 0 383895 42655
0 360774 40086 1 241 0 360774 40086
0 357120 39680 1 489 0 357120 39680
0 344394 38266 1 101 0 344394 38266
0 340083 37787 1 268 0 340083 37787
0 306144 34016 1 287 0 306144 34016
0 298980 33220 1 619 0 298980 33220
0 286407 31823 1 87 0 286407 31823
0 266328 29592 1 12 0 266328 29592
0 265689 29521 1 15 0 265689 29521
0 224568 24952 1 427 0 224568 24952
0 180549 20061 1 274 0 180549 20061
0 132417 14713 1 137 0 132417 14713
0 0 89478 1 653 0 0 89478
0 1 55798 1 227 0 1 55798
0 1 51977 1 30 0 1 51977
-1
17 0
-1
18 23
0 203697 22633 1 112 0 203697 22633
0 135315 15035 1 272 0 135315 15035
0 94455 10495 1 48 0 94455 10495
0 90585 10065 1 321 0 90585 10065
0 65916 7324 1 381 0 65916 7324
0 64179 7131 1 602 0 64179 7131
0 35082 3898 1 50 0 35082 3898
0 27090 3010 1 377 0 27090 3010
0 1 97914 1 136 0 1 97914
0 1 95560 1 144 0 1 95560
0 1 93039 1 517 0 1 93039
0 1 89185 1 495 0 1 89185
0 1 89199 1 514 0 1 89199
0 1 85014 1 559 0 1 85014
0 1 84268 1 604 0 1 84268
0 1 81868 1 403 0 1 81868
0 1 74639 1 367 0 1 74639
0 1 76490 1 315 0 1 76490
0 1 75263 1 29 0 1 75263
0 1 66585 1 502 0 1 66585
0 1 62230 1 554 0 1 62230
0 1 56186 1 189 0 1 56186
0 1 54408 1 253 0 1 54408
-1
19 78
0 230886 25654 1 529 0 230886 25654
0 225918 25102 1 349 0 225918 25102
0 214623 23847 1 364 0 214623 23847
0 212634 23626 1 312 0 212634 23626
0 206793 22977 1 58 0 206793 22977
0 206334 22926 1 10 0 206334 22926
0 199629 22181 1 104 0 199629 22181
0 199404 22156 1 85 0 199404 22156
0 185598 20622 1 420 0 185598 20622
0 176436 19604 1 239 0 176436 19604
0 175473 19497 1 509 0 175473 19497
0 164475 18275 1 466 0 164475 18275
0 161892 17988 1 346 0 161892 17988
0 155601 17289 1 222 0 155601 17289
0 153828 17092 1 203 0 153828 17092
0 146007 16223 1 393 0 146007 16223
0 142497 15833 1 297 0 142497 15833
0 138978 15442 1 57 0 138978 15442
0 132111 14679 1 401 0 132111 14679
0 131463 14607 1 433 0 131463 14607
0 109035 12115 1 52 0 109035 12115
0 102258 11362 1 620 0 102258 11362
0 101682 11298 1 577 0 101682 11298
0 86292 9588 1 528 0 86292 9588
0 78426 8714 1 261 0 78426 8714
0 62532 6948 1 266 0 62532 6948
0 60858 6762 1 664 0 60858 6762
0 60165 6685 1 499 0 60165 6685
0 59022 6558 1 635 0 59022 6558
0 49887 5543 1 128 0 49887 5543
0 46602 5178 1 547 0 46602 5178
0 37836 4204 1 569 0 37836 4204
0 17784 1976 1 197 0 17784 1976
0 1 98090 1 588 0 1 98090
0 1 97571 1 318 0 1 97571
0 1 94998 1 282 0 1 94998
0 1 96792 1 623 0 1 96792
0 4590 510 1 594 0 4590 510
0 1 90045 1 627 0 1 90045
0 1 90364 1 36 0 1 90364
0 1 88333 1 535 0 1 88333
0 1 87329 1 18 0 1 87329
0 1 88300 1 176 0 1 88300
0 1 85231 1 326 0 1 85231
0 1 84294 1 507 0 1 84294
0 1 82782 1 182 0 1 82782
0 1 82069 1 656 0 1 82069
0 1 81069 1 584 0 1 81069
0 1 80482 1 67 0 1 80482
0 1 79127 1 130 0 1 79127
0 1 77586 1 572 0 1 77586
0 1 79380 1 160 0 1 79380
0 1 75853 1 423 0 1 75853
0 1 74147 1 31 0 1 74147
0 1 73688 1 76 0 1 73688
0 1 73721 1 487 0 1 73721
0 1 71996 1 184 0 1 71996
0 1 70337 1 164 0 1 70337
0 1 71639 1 238 0 1 71639
0 1 68842 1 418 0 1 68842
0 1 69998 1 411 0 1 69998
0 1 69431 1 398 0 1 69431
0 1 69549 1 506 0 1 69549
0 1 69520 1 149 0 1 69520
0 1 67697 1 386 0 1 67697
0 1 64307 1 636 0 1 64307
0 1 66364 1 119 0 1 66364
0 1 67314 1 116 0 1 67314
0 1 67329 1 1 0 1 67329
0 1 63850 1 390 0 1 63850
0 1 65887 1 34 0 1 65887
0 1 67148 1 388 0 1 67148
0 1 63908 1 262 0 1 63908
0 1 61100 1 129 0 1 61100
0 1 57699 1 446 0 1 57699
0 0 59453 1 622 0 0 59453
0 1 54669 1 331 0 1 54669
0 1 53948 1 541 0 1 53948
-1
20 80
441872 455652 0 1 302 441872 455652 0
435702 456269 0 1 63 435702 456269 0
418982 457941 0 1 601 418982 457941 0
414192 458420 0 1 510 414192 458420 0
413992 458440 0 1 243 413992 458440 0
401572 459682 0 1 464 401572 459682 0
398742 459965 0 1 643 398742 459965 0
388602 460979 0 1 201 388602 460979 0
387642 461075 0 1 575 387642 461075 0
375012 462338 0 1 517 375012 462338 0
359122 463927 0 1 608 359122 463927 0
350192 464820 0 1 165 350192 464820 0
347812 465058 0 1 600 347812 465058 0
331612 466678 0 1 493 331612 466678 0
327342 467105 0 1 462 327342 467105 0
314322 468407 0 1 590 314322 468407 0
308222 469017 0 1 413 308222 469017 0
294762 470363 0 1 559 294762 470363 0
289182 470921 0 1 161 289182 470921 0
275002 472339 0 1 498 275002 472339 0
273372 472502 0 1 430 273372 472502 0
273182 472521 0 1 456 273182 472521 0
267382 473101 0 1 131 267382 473101 0
263302 473509 0 1 403 263302 473509 0
259522 473887 0 1 17 259522 473887 0
224972 477342 0 1 95 224972 477342 0
225552 477284 0 1 454 225552 477284 0
223842 477455 0 1 642 223842 477455 0
219142 477925 0 1 468 219142 477925 0
218092 478030 0 1 618 218092 478030 0
211482 478691 0 1 598 211482 478691 0
197572 480082 0 1 383 197572 480082 0
190502 480789 0 1 224 190502 480789 0
181172 481722 0 1 519 181172 481722 0
179572 481882 0 1 139 179572 481882 0
173442 482495 0 1 212 173442 482495 0
173662 482473 0 1 44 173662 482473 0
173092 482530 0 1 23 173092 482530 0
165592 483280 0 1 25 165592 483280 0
163942 483445 0 1 106 163942 483445 0
143622 485477 0 1 583 143622 485477 0
141422 485697 0 1 504 141422 485697 0
141922 485647 0 1 490 141922 485647 0
139252 485914 0 1 394 139252 485914 0
139962 485843 0 1 460 139962 485843 0
138162 486023 0 1 387 138162 486023 0
129782 486861 0 1 171 129782 486861 0
129672 486872 0 1 585 129672 486872 0
127342 487105 0 1 483 127342 487105 0
101662 489673 0 1 225 101662 489673 0
99442 489895 0 1 501 99442 489895 0
98282 490011 0 1 187 98282 490011 0
97032 490136 0 1 624 97032 490136 0
96322 490207 0 1 79 96322 490207 0
94582 490381 0 1 372 94582 490381 0
89812 490858 0 1 379 89812 490858 0
89032 490936 0 1 544 89032 490936 0
81272 491712 0 1 316 81272 491712 0
79612 491878 0 1 159 79612 491878 0
65082 493331 0 1 96 65082 493331 0
66112 493228 0 1 99 66112 493228 0
58022 494037 0 1 473 58022 494037 0
58232 494016 0 1 485 58232 494016 0
46832 495156 0 1 277 46832 495156 0
42492 495590 0 1 374 42492 495590 0
21642 497675 0 1 521 21642 497675 0
16332 498206 0 1 229 16332 498206 0
9122 498927 0 1 186 9122 498927 0
7882 499051 0 1 72 7882 499051 0
6482 499191 0 1 189 6482 499191 0
1192 499720 0 1 235 1192 499720 0
0 491058 54562 1 39 0 491058 54562
0 488781 54309 1 124 0 488781 54309
0 479304 53256 1 148 0 479304 53256
0 472158 52462 1 168 0 472158 52462
0 469215 52135 1 306 0 469215 52135
0 439965 48885 1 537 0 439965 48885
0 419148 46572 1 205 0 419148 46572
0 415791 46199 1 53 0 415791 46199
0 360468 40052 1 276 0 360468 40052
-1
21 2
0 120888 13432 1 320 0 120888 13432
0 1 57171 1 229 0 1 57171
-1
22 30
0 385308 42812 1 233 0 385308 42812
0 367182 40798 1 259 0 367182 40798
0 354888 39432 1 563 0 354888 39432
0 354105 39345 1 593 0 354105 39345
0 345258 38362 1 567 0 345258 38362
0 320814 35646 1 275 0 320814 35646
0 275472 30608 1 500 0 275472 30608
0 251028 27892 1 291 0 251028 27892
0 224586 24954 1 122 0 224586 24954
0 205569 22841 1 298 0 205569 22841
0 197865 21985 1 616 0 197865 21985
0 170217 18913 1 414 0 170217 18913
0 159075 17675 1 632 0 159075 17675
0 133731 14859 1 13 0 133731 14859
0 99171 11019 1 497 0 99171 11019
0 87435 9715 1 237 0 87435 9715
0 85950 9550 1 70 0 85950 9550
0 44757 4973 1 151 0 44757 4973
0 35145 3905 1 470 0 35145 3905
0 1 98061 1 429 0 1 98061
0 1 95198 1 396 0 1 95198
0 1 98358 1 210 0 1 98358
0 1 92747 1 146 0 1 92747
0 1 78508 1 279 0 1 78508
0 1 78497 1 254 0 1 78497
0 1 70785 1 188 0 1 70785
0 1 60658 1 546 0 1 60658
0 1 58858 1 83 0 1 58858
0 1 59885 1 257 0 1 59885
0 1 54556 1 245 0 1 54556
-1
23 3
0 66636 7404 1 543 0 66636 7404
0 1 54829 1 22 0 1 54829
0 1 62149 1 99 0 1 62149
-1
24 0
-1
25 0
-1
26 0
-1
27 8
0 112185 12465 1 3 0 112185 12465
0 14868 1652 1 194 0 14868 1652
0 10260 1140 1 192 0 10260 1140
0 1 91690 1 32 0 1 91690
0 0 67276 1 118 0 0 67276
0 0 58034 1 247 0 0 58034
0 1 44404 1 59 0 1 44404
0 1 41035 1 175 0 1 41035
-1
28 0
-1
29 0
-1
30 22
500732 340056 0 1 234 500732 340056 0
360322 354097 0 1 160 360322 354097 0
160472 374082 0 1 260 160472 374082 0
0 384948 42772 1 310 0 384948 42772
0 364599 40511 1 5 0 364599 40511
0 359496 39944 1 597 0 359496 39944
0 351171 39019 1 75 0 351171 39019
0 346374 38486 1 343 0 346374 38486
0 341019 37891 1 451 0 341019 37891
0 329688 36632 1 256 0 329688 36632
0 312093 34677 1 629 0 312093 34677
0 292950 32550 1 582 0 292950 32550
0 289908 32212 1 328 0 289908 32212
0 257760 28640 1 278 0 257760 28640
0 246330 27370 1 392 0 246330 27370
0 207963 23107 1 641 0 207963 23107
0 196677 21853 1 551 0 196677 21853
0 190395 21155 1 395 0 190395 21155
0 187416 20824 1 323 0 187416 20824
0 179181 19909 1 657 0 179181 19909
0 133173 14797 1 550 0 133173 14797
0 127989 14221 1 341 0 127989 14221
-1
31 1
0 1 62046 1 96 0 1 62046
-1
32 81
559246 308425 0 1 54 559246 308425 0
557676 308582 0 1 463 557676 308582 0
556096 308740 0 1 458 556096 308740 0
492576 315092 0 1 86 492576 315092 0
375126 326837 0 1 412 375126 326837 0
369756 327374 0 1 110 369756 327374 0
188486 345501 0 1 645 188486 345501 0
174746 346875 0 1 533 174746 346875 0
172936 347056 0 1 111 172936 347056 0
159306 348419 0 1 105 159306 348419 0
104416 353908 0 1 33 104416 353908 0
103096 354040 0 1 271 103096 354040 0
39206 360429 0 1 59 39206 360429 0
39016 360448 0 1 251 39016 360448 0
5516 363798 0 1 175 5516 363798 0
0 362376 39479 1 380 0 362376 39479
0 358425 39825 1 196 0 358425 39825
0 346887 38543 1 545 0 346887 38543
0 328815 36535 1 444 0 328815 36535
0 323415 35935 1 603 0 323415 35935
0 322758 35862 1 612 0 322758 35862
0 321660 35740 1 526 0 321660 35740
0 317097 35233 1 263 0 317097 35233
0 289521 32169 1 163 0 289521 32169
0 269262 29918 1 361 0 269262 29918
0 264222 29358 1 611 0 264222 29358
0 261414 29046 1 209 0 261414 29046
0 256086 28454 1 56 0 256086 28454
0 249147 27683 1 527 0 249147 27683
0 244251 27139 1 91 0 244251 27139
0 226746 25194 1 147 0 226746 25194
0 221571 24619 1 109 0 221571 24619
0 212823 23647 1 478 0 212823 23647
0 206154 22906 1 434 0 206154 22906
0 203049 22561 1 299 0 203049 22561
0 179721 19969 1 633 0 179721 19969
0 173502 19278 1 313 0 173502 19278
0 166878 18542 1 644 0 166878 18542
0 144891 16099 1 258 0 144891 16099
0 129456 14384 1 179 0 129456 14384
0 114678 12742 1 549 0 114678 12742
0 89208 9912 1 596 0 89208 9912
0 77643 8627 1 4 0 77643 8627
0 57618 6402 1 332 0 57618 6402
0 55899 6211 1 525 0 55899 6211
0 52596 5844 1 255 0 52596 5844
0 44046 4894 1 408 0 44046 4894
0 33876 3764 1 154 0 33876 3764
0 26289 2921 1 40 0 26289 2921
0 15804 1756 1 113 0 15804 1756
0 0 99130 1 285 0 0 99130
0 0 93932 1 265 0 0 93932
0 1 95154 1 92 0 1 95154
0 1 86166 1 650 0 1 86166
0 1 93466 1 607 0 1 93466
0 0 88334 1 60 0 0 88334
0 1 79910 1 630 0 1 79910
0 1 81444 1 214 0 1 81444
0 1 89741 1 86 0 1 89741
0 0 78678 1 555 0 0 78678
0 1 79645 1 640 0 1 79645
0 1 73252 1 68 0 1 73252
0 0 71653 1 304 0 0 71653
0 1 77148 1 359 0 1 77148
0 1 77847 1 2 0 1 77847
0 1 72514 1 41 0 1 72514
0 1 66421 1 376 0 1 66421
0 1 77459 1 110 0 1 77459
0 3762 418 1 93 0 3762 418
0 1 69027 1 595 0 1 69027
0 0 69878 1 81 0 0 69878
0 1 62438 1 150 0 1 62438
0 0 56482 1 354 0 0 56482
0 1 60143 1 21 0 1 60143
0 1 51821 1 114 0 1 51821
0 1 59332 1 645 0 1 59332
0 1 53064 1 358 0 1 53064
0 1 56414 1 105 0 1 56414
0 1 50925 1 33 0 1 50925
0 1 50793 1 271 0 1 50793
0 0 25663 1 62 0 0 25663
-1
33 75
0 381816 42424 1 399 0 381816 42424
0 371970 41330 1 273 0 371970 41330
0 365436 40604 1 515 0 365436 40604
0 350226 38914 1 108 0 350226 38914
0 342693 38077 1 578 0 342693 38077
0 341442 37938 1 166 0 341442 37938
0 336411 37379 1 193 0 336411 37379
0 328689 36521 1 488 0 328689 36521
0 327744 36416 1 155 0 327744 36416
0 292518 32502 1 8 0 292518 32502
0 225981 25109 1 221 0 225981 25109
0 203868 22652 1 38 0 203868 22652
0 179973 19997 1 548 0 179973 19997
0 176742 19638 1 565 0 176742 19638
0 173511 19279 1 360 0 173511 19279
0 164592 18288 1 42 0 164592 18288
0 155403 17267 1 369 0 155403 17267
0 153117 17013 1 589 0 153117 17013
0 125199 13911 1 373 0 125199 13911
0 124452 13828 1 652 0 124452 13828
0 107676 11964 1 267 0 107676 11964
0 107703 11967 1 100 0 107703 11967
0 101322 11258 1 404 0 101322 11258
0 93789 10421 1 290 0 93789 10421
0 83736 9304 1 20 0 83736 9304
0 77580 8620 1 218 0 77580 8620
0 40194 4466 1 449 0 40194 4466
0 40212 4468 1 169 0 40212 4468
0 21798 2422 1 662 0 21798 2422
0 13464 1496 1 576 0 13464 1496
0 1 99546 1 51 0 1 99546
0 1 99095 1 348 0 1 99095
0 1 96442 1 292 0 1 96442
0 1 96937 1 243 0 1 96937
0 1 96957 1 510 0 1 96957
0 1 97198 1 402 0 1 97198
0 1 95695 1 464 0 1 95695
0 1 95924 1 352 0 1 95924
0 1 92931 1 626 0 1 92931
0 1 92333 1 405 0 1 92333
0 1 92324 1 637 0 1 92324
0 1 90355 1 511 0 1 90355
0 1 89689 1 80 0 1 89689
0 1 88699 1 493 0 1 88699
0 1 86970 1 590 0 1 86970
0 1 86360 1 413 0 1 86360
0 1 84469 1 651 0 1 84469
0 1 83038 1 498 0 1 83038
0 1 81025 1 334 0 1 81025
0 1 78093 1 454 0 1 78093
0 1 78688 1 28 0 1 78688
0 0 77828 1 231 0 0 77828
0 1 78161 1 24 0 1 78161
0 1 78190 1 226 0 1 78190
0 1 76966 1 270 0 1 76966
0 1 75558 1 162 0 1 75558
0 1 75438 1 621 0 1 75438
0 1 72530 1 426 0 1 72530
0 1 73348 1 322 0 1 73348
0 1 68272 1 483 0 1 68272
0 1 69728 1 152 0 1 69728
0 1 69534 1 460 0 1 69534
0 1 65860 1 355 0 1 65860
0 1 65366 1 187 0 1 65366
0 1 65170 1 79 0 1 65170
0 1 66272 1 288 0 1 66272
0 1 64519 1 379 0 1 64519
0 1 64136 1 556 0 1 64136
0 1 65241 1 624 0 1 65241
0 1 62746 1 198 0 1 62746
0 1 59753 1 524 0 1 59753
0 1 58603 1 335 0 1 58603
0 1 58689 1 476 0 1 58689
0 1 49858 1 213 0 1 49858
0 1071 0 1 586 0 1071 0
-1
